0 0 0 0 0 0 0 0 0 0 
0 0.116978 0.219846 0.296198 0.336824 0.336824 0.296198 0.219846 0.116978 0 
0 0.219846 0.413176 0.55667 0.633022 0.633022 0.55667 0.413176 0.219846 0 
0 0.296198 0.55667 0.75 0.852869 0.852869 0.75 0.55667 0.296198 0 
0 0.336824 0.633022 0.852869 0.969846 0.969846 0.852869 0.633022 0.336824 0 
0 0.336824 0.633022 0.852869 0.969846 0.969846 0.852869 0.633022 0.336824 0 
0 0.296198 0.55667 0.75 0.852869 0.852869 0.75 0.55667 0.296198 0 
0 0.219846 0.413176 0.55667 0.633022 0.633022 0.55667 0.413176 0.219846 0 
0 0.116978 0.219846 0.296198 0.336824 0.336824 0.296198 0.219846 0.116978 0 
0 0 0 0 0 0 0 0 0 0 
0 0 0 0 0 0 0 0 0 0 
0 0.111332 0.209235 0.281901 0.320566 0.320566 0.281901 0.209235 0.111332 0 
0 0.209235 0.393233 0.529801 0.602468 0.602468 0.529801 0.393233 0.209235 0 
0 0.281901 0.529801 0.713799 0.811702 0.811702 0.713799 0.529801 0.281901 0 
0 0.320566 0.602468 0.811702 0.923034 0.923034 0.811702 0.602468 0.320566 0 
0 0.320566 0.602468 0.811702 0.923034 0.923034 0.811702 0.602468 0.320566 0 
0 0.281901 0.529801 0.713799 0.811702 0.811702 0.713799 0.529801 0.281901 0 
0 0.209235 0.393233 0.529801 0.602468 0.602468 0.529801 0.393233 0.209235 0 
0 0.111332 0.209235 0.281901 0.320566 0.320566 0.281901 0.209235 0.111332 0 
0 0 0 0 0 0 0 0 0 0 
0 0 0 0 0 0 0 0 0 0 
0 0.105958 0.199135 0.268294 0.305093 0.305093 0.268294 0.199135 0.105958 0 
0 0.199135 0.374252 0.504229 0.573388 0.573388 0.504229 0.374252 0.199135 0 
0 0.268294 0.504229 0.679345 0.772523 0.772523 0.679345 0.504229 0.268294 0 
0 0.305093 0.573388 0.772523 0.878481 0.878481 0.772523 0.573388 0.305093 0 
0 0.305093 0.573388 0.772523 0.878481 0.878481 0.772523 0.573388 0.305093 0 
0 0.268294 0.504229 0.679345 0.772523 0.772523 0.679345 0.504229 0.268294 0 
0 0.199135 0.374252 0.504229 0.573388 0.573388 0.504229 0.374252 0.199135 0 
0 0.105958 0.199135 0.268294 0.305093 0.305093 0.268294 0.199135 0.105958 0 
0 0 0 0 0 0 0 0 0 0 
0 0 0 0 0 0 0 0 0 0 
0 0.100843 0.189524 0.255344 0.290367 0.290367 0.255344 0.189524 0.100843 0 
0 0.189524 0.356188 0.479891 0.545711 0.545711 0.479891 0.356188 0.189524 0 
0 0.255344 0.479891 0.646555 0.735235 0.735235 0.646555 0.479891 0.255344 0 
0 0.290367 0.545711 0.735235 0.836079 0.836079 0.735235 0.545711 0.290367 0 
0 0.290367 0.545711 0.735235 0.836079 0.836079 0.735235 0.545711 0.290367 0 
0 0.255344 0.479891 0.646555 0.735235 0.735235 0.646555 0.479891 0.255344 0 
0 0.189524 0.356188 0.479891 0.545711 0.545711 0.479891 0.356188 0.189524 0 
0 0.100843 0.189524 0.255344 0.290367 0.290367 0.255344 0.189524 0.100843 0 
0 0 0 0 0 0 0 0 0 0 
0 0 0 0 0 0 0 0 0 0 
0 0.0959759 0.180376 0.24302 0.276352 0.276352 0.24302 0.180376 0.0959759 0 
0 0.180376 0.338995 0.456727 0.519371 0.519371 0.456727 0.338995 0.180376 0 
0 0.24302 0.456727 0.615347 0.699747 0.699747 0.615347 0.456727 0.24302 0 
0 0.276352 0.519371 0.699747 0.795723 0.795723 0.699747 0.519371 0.276352 0 
0 0.276352 0.519371 0.699747 0.795723 0.795723 0.699747 0.519371 0.276352 0 
0 0.24302 0.456727 0.615347 0.699747 0.699747 0.615347 0.456727 0.24302 0 
0 0.180376 0.338995 0.456727 0.519371 0.519371 0.456727 0.338995 0.180376 0 
0 0.0959759 0.180376 0.24302 0.276352 0.276352 0.24302 0.180376 0.0959759 0 
0 0 0 0 0 0 0 0 0 0 
0 0 0 0 0 0 0 0 0 0 
0 0.0913433 0.171669 0.231289 0.263013 0.263013 0.231289 0.171669 0.0913433 0 
0 0.171669 0.322633 0.434682 0.494302 0.494302 0.434682 0.322633 0.171669 0 
0 0.231289 0.434682 0.585646 0.665972 0.665972 0.585646 0.434682 0.231289 0 
0 0.263013 0.494302 0.665972 0.757315 0.757315 0.665972 0.494302 0.263013 0 
0 0.263013 0.494302 0.665972 0.757315 0.757315 0.665972 0.494302 0.263013 0 
0 0.231289 0.434682 0.585646 0.665972 0.665972 0.585646 0.434682 0.231289 0 
0 0.171669 0.322633 0.434682 0.494302 0.494302 0.434682 0.322633 0.171669 0 
0 0.0913433 0.171669 0.231289 0.263013 0.263013 0.231289 0.171669 0.0913433 0 
0 0 0 0 0 0 0 0 0 0 
0 0 0 0 0 0 0 0 0 0 
0 0.0869344 0.163383 0.220126 0.250318 0.250318 0.220126 0.163383 0.0869344 0 
0 0.163383 0.30706 0.413701 0.470443 0.470443 0.413701 0.30706 0.163383 0 
0 0.220126 0.413701 0.557378 0.633826 0.633826 0.557378 0.413701 0.220126 0 
0 0.250318 0.470443 0.633826 0.720761 0.720761 0.633826 0.470443 0.250318 0 
0 0.250318 0.470443 0.633826 0.720761 0.720761 0.633826 0.470443 0.250318 0 
0 0.220126 0.413701 0.557378 0.633826 0.633826 0.557378 0.413701 0.220126 0 
0 0.163383 0.30706 0.413701 0.470443 0.470443 0.413701 0.30706 0.163383 0 
0 0.0869344 0.163383 0.220126 0.250318 0.250318 0.220126 0.163383 0.0869344 0 
0 0 0 0 0 0 0 0 0 0 
0 0 0 0 0 0 0 0 0 0 
0 0.0827383 0.155497 0.209501 0.238235 0.238235 0.209501 0.155497 0.0827383 0 
0 0.155497 0.292239 0.393732 0.447736 0.447736 0.393732 0.292239 0.155497 0 
0 0.209501 0.393732 0.530474 0.603233 0.603233 0.530474 0.393732 0.209501 0 
0 0.238235 0.447736 0.603233 0.685971 0.685971 0.603233 0.447736 0.238235 0 
0 0.238235 0.447736 0.603233 0.685971 0.685971 0.603233 0.447736 0.238235 0 
0 0.209501 0.393732 0.530474 0.603233 0.603233 0.530474 0.393732 0.209501 0 
0 0.155497 0.292239 0.393732 0.447736 0.447736 0.393732 0.292239 0.155497 0 
0 0.0827383 0.155497 0.209501 0.238235 0.238235 0.209501 0.155497 0.0827383 0 
0 0 0 0 0 0 0 0 0 0 
0 0 0 0 0 0 0 0 0 0 
0 0.0787447 0.147992 0.199388 0.226736 0.226736 0.199388 0.147992 0.0787447 0 
0 0.147992 0.278133 0.374728 0.426125 0.426125 0.374728 0.278133 0.147992 0 
0 0.199388 0.374728 0.504869 0.574116 0.574116 0.504869 0.374728 0.199388 0 
0 0.226736 0.426125 0.574116 0.652861 0.652861 0.574116 0.426125 0.226736 0 
0 0.226736 0.426125 0.574116 0.652861 0.652861 0.574116 0.426125 0.226736 0 
0 0.199388 0.374728 0.504869 0.574116 0.574116 0.504869 0.374728 0.199388 0 
0 0.147992 0.278133 0.374728 0.426125 0.426125 0.374728 0.278133 0.147992 0 
0 0.0787447 0.147992 0.199388 0.226736 0.226736 0.199388 0.147992 0.0787447 0 
0 0 0 0 0 0 0 0 0 0 
0 0 0 0 0 0 0 0 0 0 
0 0.0749438 0.140848 0.189764 0.215792 0.215792 0.189764 0.140848 0.0749438 0 
0 0.140848 0.264708 0.35664 0.405557 0.405557 0.35664 0.264708 0.140848 0 
0 0.189764 0.35664 0.4805 0.546405 0.546405 0.4805 0.35664 0.189764 0 
0 0.215792 0.405557 0.546405 0.621349 0.621349 0.546405 0.405557 0.215792 0 
0 0.215792 0.405557 0.546405 0.621349 0.621349 0.546405 0.405557 0.215792 0 
0 0.189764 0.35664 0.4805 0.546405 0.546405 0.4805 0.35664 0.189764 0 
0 0.140848 0.264708 0.35664 0.405557 0.405557 0.35664 0.264708 0.140848 0 
0 0.0749438 0.140848 0.189764 0.215792 0.215792 0.189764 0.140848 0.0749438 0 
0 0 0 0 0 0 0 0 0 0 
0 0 0 0 0 0 0 0 0 0 
0 0.0713264 0.13405 0.180605 0.205376 0.205376 0.180605 0.13405 0.0713264 0 
0 0.13405 0.251931 0.339426 0.385981 0.385981 0.339426 0.251931 0.13405 0 
0 0.180605 0.339426 0.457308 0.520031 0.520031 0.457308 0.339426 0.180605 0 
0 0.205376 0.385981 0.520031 0.591357 0.591357 0.520031 0.385981 0.205376 0 
0 0.205376 0.385981 0.520031 0.591357 0.591357 0.520031 0.385981 0.205376 0 
0 0.180605 0.339426 0.457308 0.520031 0.520031 0.457308 0.339426 0.180605 0 
0 0.13405 0.251931 0.339426 0.385981 0.385981 0.339426 0.251931 0.13405 0 
0 0.0713264 0.13405 0.180605 0.205376 0.205376 0.180605 0.13405 0.0713264 0 
0 0 0 0 0 0 0 0 0 0 
0 0 0 0 0 0 0 0 0 0 
0 0.0678837 0.12758 0.171887 0.195463 0.195463 0.171887 0.12758 0.0678837 0 
0 0.12758 0.239771 0.323043 0.367351 0.367351 0.323043 0.239771 0.12758 0 
0 0.171887 0.323043 0.435234 0.49493 0.49493 0.435234 0.323043 0.171887 0 
0 0.195463 0.367351 0.49493 0.562814 0.562814 0.49493 0.367351 0.195463 0 
0 0.195463 0.367351 0.49493 0.562814 0.562814 0.49493 0.367351 0.195463 0 
0 0.171887 0.323043 0.435234 0.49493 0.49493 0.435234 0.323043 0.171887 0 
0 0.12758 0.239771 0.323043 0.367351 0.367351 0.323043 0.239771 0.12758 0 
0 0.0678837 0.12758 0.171887 0.195463 0.195463 0.171887 0.12758 0.0678837 0 
0 0 0 0 0 0 0 0 0 0 
0 0 0 0 0 0 0 0 0 0 
0 0.0646071 0.121422 0.163591 0.186029 0.186029 0.163591 0.121422 0.0646071 0 
0 0.121422 0.228198 0.30745 0.349619 0.349619 0.30745 0.228198 0.121422 0 
0 0.163591 0.30745 0.414226 0.471041 0.471041 0.414226 0.30745 0.163591 0 
0 0.186029 0.349619 0.471041 0.535648 0.535648 0.471041 0.349619 0.186029 0 
0 0.186029 0.349619 0.471041 0.535648 0.535648 0.471041 0.349619 0.186029 0 
0 0.163591 0.30745 0.414226 0.471041 0.471041 0.414226 0.30745 0.163591 0 
0 0.121422 0.228198 0.30745 0.349619 0.349619 0.30745 0.228198 0.121422 0 
0 0.0646071 0.121422 0.163591 0.186029 0.186029 0.163591 0.121422 0.0646071 0 
0 0 0 0 0 0 0 0 0 0 
0 0 0 0 0 0 0 0 0 0 
0 0.0614886 0.115561 0.155695 0.177049 0.177049 0.155695 0.115561 0.0614886 0 
0 0.115561 0.217183 0.29261 0.332744 0.332744 0.29261 0.217183 0.115561 0 
0 0.155695 0.29261 0.394233 0.448305 0.448305 0.394233 0.29261 0.155695 0 
0 0.177049 0.332744 0.448305 0.509793 0.509793 0.448305 0.332744 0.177049 0 
0 0.177049 0.332744 0.448305 0.509793 0.509793 0.448305 0.332744 0.177049 0 
0 0.155695 0.29261 0.394233 0.448305 0.448305 0.394233 0.29261 0.155695 0 
0 0.115561 0.217183 0.29261 0.332744 0.332744 0.29261 0.217183 0.115561 0 
0 0.0614886 0.115561 0.155695 0.177049 0.177049 0.155695 0.115561 0.0614886 0 
0 0 0 0 0 0 0 0 0 0 
0 0 0 0 0 0 0 0 0 0 
0 0.0585207 0.109983 0.14818 0.168504 0.168504 0.14818 0.109983 0.0585207 0 
0 0.109983 0.2067 0.278486 0.316683 0.316683 0.278486 0.2067 0.109983 0 
0 0.14818 0.278486 0.375204 0.426666 0.426666 0.375204 0.278486 0.14818 0 
0 0.168504 0.316683 0.426666 0.485187 0.485187 0.426666 0.316683 0.168504 0 
0 0.168504 0.316683 0.426666 0.485187 0.485187 0.426666 0.316683 0.168504 0 
0 0.14818 0.278486 0.375204 0.426666 0.426666 0.375204 0.278486 0.14818 0 
0 0.109983 0.2067 0.278486 0.316683 0.316683 0.278486 0.2067 0.109983 0 
0 0.0585207 0.109983 0.14818 0.168504 0.168504 0.14818 0.109983 0.0585207 0 
0 0 0 0 0 0 0 0 0 0 
0 0 0 0 0 0 0 0 0 0 
0 0.055696 0.104674 0.141027 0.16037 0.16037 0.141027 0.104674 0.055696 0 
0 0.104674 0.196723 0.265045 0.301398 0.301398 0.265045 0.196723 0.104674 0 
0 0.141027 0.265045 0.357094 0.406072 0.406072 0.357094 0.265045 0.141027 0 
0 0.16037 0.301398 0.406072 0.461768 0.461768 0.406072 0.301398 0.16037 0 
0 0.16037 0.301398 0.406072 0.461768 0.461768 0.406072 0.301398 0.16037 0 
0 0.141027 0.265045 0.357094 0.406072 0.406072 0.357094 0.265045 0.141027 0 
0 0.104674 0.196723 0.265045 0.301398 0.301398 0.265045 0.196723 0.104674 0 
0 0.055696 0.104674 0.141027 0.16037 0.16037 0.141027 0.104674 0.055696 0 
0 0 0 0 0 0 0 0 0 0 
0 0 0 0 0 0 0 0 0 0 
0 0.0530077 0.0996218 0.13422 0.15263 0.15263 0.13422 0.0996218 0.0530077 0 
0 0.0996218 0.187228 0.252251 0.28685 0.28685 0.252251 0.187228 0.0996218 0 
0 0.13422 0.252251 0.339857 0.386472 0.386472 0.339857 0.252251 0.13422 0 
0 0.15263 0.28685 0.386472 0.439479 0.439479 0.386472 0.28685 0.15263 0 
0 0.15263 0.28685 0.386472 0.439479 0.439479 0.386472 0.28685 0.15263 0 
0 0.13422 0.252251 0.339857 0.386472 0.386472 0.339857 0.252251 0.13422 0 
0 0.0996218 0.187228 0.252251 0.28685 0.28685 0.252251 0.187228 0.0996218 0 
0 0.0530077 0.0996218 0.13422 0.15263 0.15263 0.13422 0.0996218 0.0530077 0 
0 0 0 0 0 0 0 0 0 0 
0 0 0 0 0 0 0 0 0 0 
0 0.0504491 0.0948133 0.127742 0.145262 0.145262 0.127742 0.0948133 0.0504491 0 
0 0.0948133 0.178191 0.240076 0.273004 0.273004 0.240076 0.178191 0.0948133 0 
0 0.127742 0.240076 0.323453 0.367817 0.367817 0.323453 0.240076 0.127742 0 
0 0.145262 0.273004 0.367817 0.418266 0.418266 0.367817 0.273004 0.145262 0 
0 0.145262 0.273004 0.367817 0.418266 0.418266 0.367817 0.273004 0.145262 0 
0 0.127742 0.240076 0.323453 0.367817 0.367817 0.323453 0.240076 0.127742 0 
0 0.0948133 0.178191 0.240076 0.273004 0.273004 0.240076 0.178191 0.0948133 0 
0 0.0504491 0.0948133 0.127742 0.145262 0.145262 0.127742 0.0948133 0.0504491 0 
0 0 0 0 0 0 0 0 0 0 
0 0 0 0 0 0 0 0 0 0 
0 0.048014 0.0902369 0.121576 0.138251 0.138251 0.121576 0.0902369 0.048014 0 
0 0.0902369 0.16959 0.228488 0.259827 0.259827 0.228488 0.16959 0.0902369 0 
0 0.121576 0.228488 0.307841 0.350064 0.350064 0.307841 0.228488 0.121576 0 
0 0.138251 0.259827 0.350064 0.398078 0.398078 0.350064 0.259827 0.138251 0 
0 0.138251 0.259827 0.350064 0.398078 0.398078 0.350064 0.259827 0.138251 0 
0 0.121576 0.228488 0.307841 0.350064 0.350064 0.307841 0.228488 0.121576 0 
0 0.0902369 0.16959 0.228488 0.259827 0.259827 0.228488 0.16959 0.0902369 0 
0 0.048014 0.0902369 0.121576 0.138251 0.138251 0.121576 0.0902369 0.048014 0 
0 0 0 0 0 0 0 0 0 0 
0 0 0 0 0 0 0 0 0 0 
0 0.0456965 0.0858813 0.115708 0.131578 0.131578 0.115708 0.0858813 0.0456965 0 
0 0.0858813 0.161404 0.217459 0.247285 0.247285 0.217459 0.161404 0.0858813 0 
0 0.115708 0.217459 0.292982 0.333167 0.333167 0.292982 0.217459 0.115708 0 
0 0.131578 0.247285 0.333167 0.378863 0.378863 0.333167 0.247285 0.131578 0 
0 0.131578 0.247285 0.333167 0.378863 0.378863 0.333167 0.247285 0.131578 0 
0 0.115708 0.217459 0.292982 0.333167 0.333167 0.292982 0.217459 0.115708 0 
0 0.0858813 0.161404 0.217459 0.247285 0.247285 0.217459 0.161404 0.0858813 0 
0 0.0456965 0.0858813 0.115708 0.131578 0.131578 0.115708 0.0858813 0.0456965 0 
0 0 0 0 0 0 0 0 0 0 
0 0 0 0 0 0 0 0 0 0 
0 0.0434908 0.081736 0.110123 0.125227 0.125227 0.110123 0.081736 0.0434908 0 
0 0.081736 0.153613 0.206963 0.235349 0.235349 0.206963 0.153613 0.081736 0 
0 0.110123 0.206963 0.27884 0.317085 0.317085 0.27884 0.206963 0.110123 0 
0 0.125227 0.235349 0.317085 0.360576 0.360576 0.317085 0.235349 0.125227 0 
0 0.125227 0.235349 0.317085 0.360576 0.360576 0.317085 0.235349 0.125227 0 
0 0.110123 0.206963 0.27884 0.317085 0.317085 0.27884 0.206963 0.110123 0 
0 0.081736 0.153613 0.206963 0.235349 0.235349 0.206963 0.153613 0.081736 0 
0 0.0434908 0.081736 0.110123 0.125227 0.125227 0.110123 0.081736 0.0434908 0 
0 0 0 0 0 0 0 0 0 0 
0 0 0 0 0 0 0 0 0 0 
0 0.0413916 0.0777908 0.104807 0.119182 0.119182 0.104807 0.0777908 0.0413916 0 
0 0.0777908 0.146199 0.196973 0.22399 0.22399 0.196973 0.146199 0.0777908 0 
0 0.104807 0.196973 0.265381 0.30178 0.30178 0.265381 0.196973 0.104807 0 
0 0.119182 0.22399 0.30178 0.343172 0.343172 0.30178 0.22399 0.119182 0 
0 0.119182 0.22399 0.30178 0.343172 0.343172 0.30178 0.22399 0.119182 0 
0 0.104807 0.196973 0.265381 0.30178 0.30178 0.265381 0.196973 0.104807 0 
0 0.0777908 0.146199 0.196973 0.22399 0.22399 0.196973 0.146199 0.0777908 0 
0 0.0413916 0.0777908 0.104807 0.119182 0.119182 0.104807 0.0777908 0.0413916 0 
0 0 0 0 0 0 0 0 0 0 
0 0 0 0 0 0 0 0 0 0 
0 0.0393937 0.074036 0.0997484 0.11343 0.11343 0.0997484 0.074036 0.0393937 0 
0 0.074036 0.139142 0.187466 0.213178 0.213178 0.187466 0.139142 0.074036 0 
0 0.0997484 0.187466 0.252572 0.287214 0.287214 0.252572 0.187466 0.0997484 0 
0 0.11343 0.213178 0.287214 0.326608 0.326608 0.287214 0.213178 0.11343 0 
0 0.11343 0.213178 0.287214 0.326608 0.326608 0.287214 0.213178 0.11343 0 
0 0.0997484 0.187466 0.252572 0.287214 0.287214 0.252572 0.187466 0.0997484 0 
0 0.074036 0.139142 0.187466 0.213178 0.213178 0.187466 0.139142 0.074036 0 
0 0.0393937 0.074036 0.0997484 0.11343 0.11343 0.0997484 0.074036 0.0393937 0 
0 0 0 0 0 0 0 0 0 0 
0 0 0 0 0 0 0 0 0 0 
0 0.0374923 0.0704624 0.0949338 0.107955 0.107955 0.0949338 0.0704624 0.0374923 0 
0 0.0704624 0.132426 0.178417 0.202888 0.202888 0.178417 0.132426 0.0704624 0 
0 0.0949338 0.178417 0.240381 0.273351 0.273351 0.240381 0.178417 0.0949338 0 
0 0.107955 0.202888 0.273351 0.310843 0.310843 0.273351 0.202888 0.107955 0 
0 0.107955 0.202888 0.273351 0.310843 0.310843 0.273351 0.202888 0.107955 0 
0 0.0949338 0.178417 0.240381 0.273351 0.273351 0.240381 0.178417 0.0949338 0 
0 0.0704624 0.132426 0.178417 0.202888 0.202888 0.178417 0.132426 0.0704624 0 
0 0.0374923 0.0704624 0.0949338 0.107955 0.107955 0.0949338 0.0704624 0.0374923 0 
0 0 0 0 0 0 0 0 0 0 
0 0 0 0 0 0 0 0 0 0 
0 0.0356826 0.0670614 0.0903515 0.102744 0.102744 0.0903515 0.0670614 0.0356826 0 
0 0.0670614 0.126034 0.169805 0.193095 0.193095 0.169805 0.126034 0.0670614 0 
0 0.0903515 0.169805 0.228778 0.260157 0.260157 0.228778 0.169805 0.0903515 0 
0 0.102744 0.193095 0.260157 0.295839 0.295839 0.260157 0.193095 0.102744 0 
0 0.102744 0.193095 0.260157 0.295839 0.295839 0.260157 0.193095 0.102744 0 
0 0.0903515 0.169805 0.228778 0.260157 0.260157 0.228778 0.169805 0.0903515 0 
0 0.0670614 0.126034 0.169805 0.193095 0.193095 0.169805 0.126034 0.0670614 0 
0 0.0356826 0.0670614 0.0903515 0.102744 0.102744 0.0903515 0.0670614 0.0356826 0 
0 0 0 0 0 0 0 0 0 0 
0 0 0 0 0 0 0 0 0 0 
0 0.0339603 0.0638244 0.0859904 0.0977847 0.0977847 0.0859904 0.0638244 0.0339603 0 
0 0.0638244 0.119951 0.161609 0.183775 0.183775 0.161609 0.119951 0.0638244 0 
0 0.0859904 0.161609 0.217735 0.2476 0.2476 0.217735 0.161609 0.0859904 0 
0 0.0977847 0.183775 0.2476 0.28156 0.28156 0.2476 0.183775 0.0977847 0 
0 0.0977847 0.183775 0.2476 0.28156 0.28156 0.2476 0.183775 0.0977847 0 
0 0.0859904 0.161609 0.217735 0.2476 0.2476 0.217735 0.161609 0.0859904 0 
0 0.0638244 0.119951 0.161609 0.183775 0.183775 0.161609 0.119951 0.0638244 0 
0 0.0339603 0.0638244 0.0859904 0.0977847 0.0977847 0.0859904 0.0638244 0.0339603 0 
0 0 0 0 0 0 0 0 0 0 
0 0 0 0 0 0 0 0 0 0 
0 0.0323211 0.0607438 0.0818399 0.0930649 0.0930649 0.0818399 0.0607438 0.0323211 0 
0 0.0607438 0.114161 0.153809 0.174905 0.174905 0.153809 0.114161 0.0607438 0 
0 0.0818399 0.153809 0.207226 0.235648 0.235648 0.207226 0.153809 0.0818399 0 
0 0.0930649 0.174905 0.235648 0.26797 0.26797 0.235648 0.174905 0.0930649 0 
0 0.0930649 0.174905 0.235648 0.26797 0.26797 0.235648 0.174905 0.0930649 0 
0 0.0818399 0.153809 0.207226 0.235648 0.235648 0.207226 0.153809 0.0818399 0 
0 0.0607438 0.114161 0.153809 0.174905 0.174905 0.153809 0.114161 0.0607438 0 
0 0.0323211 0.0607438 0.0818399 0.0930649 0.0930649 0.0818399 0.0607438 0.0323211 0 
0 0 0 0 0 0 0 0 0 0 
0 0 0 0 0 0 0 0 0 0 
0 0.030761 0.0578118 0.0778896 0.0885728 0.0885728 0.0778896 0.0578118 0.030761 0 
0 0.0578118 0.108651 0.146385 0.166462 0.166462 0.146385 0.108651 0.0578118 0 
0 0.0778896 0.146385 0.197223 0.224274 0.224274 0.197223 0.146385 0.0778896 0 
0 0.0885728 0.166462 0.224274 0.255035 0.255035 0.224274 0.166462 0.0885728 0 
0 0.0885728 0.166462 0.224274 0.255035 0.255035 0.224274 0.166462 0.0885728 0 
0 0.0778896 0.146385 0.197223 0.224274 0.224274 0.197223 0.146385 0.0778896 0 
0 0.0578118 0.108651 0.146385 0.166462 0.166462 0.146385 0.108651 0.0578118 0 
0 0.030761 0.0578118 0.0778896 0.0885728 0.0885728 0.0778896 0.0578118 0.030761 0 
0 0 0 0 0 0 0 0 0 0 
0 0 0 0 0 0 0 0 0 0 
0 0.0292762 0.0550213 0.07413 0.0842976 0.0842976 0.07413 0.0550213 0.0292762 0 
0 0.0550213 0.103406 0.139319 0.158428 0.158428 0.139319 0.103406 0.0550213 0 
0 0.07413 0.139319 0.187704 0.213449 0.213449 0.187704 0.139319 0.07413 0 
0 0.0842976 0.158428 0.213449 0.242725 0.242725 0.213449 0.158428 0.0842976 0 
0 0.0842976 0.158428 0.213449 0.242725 0.242725 0.213449 0.158428 0.0842976 0 
0 0.07413 0.139319 0.187704 0.213449 0.213449 0.187704 0.139319 0.07413 0 
0 0.0550213 0.103406 0.139319 0.158428 0.158428 0.139319 0.103406 0.0550213 0 
0 0.0292762 0.0550213 0.07413 0.0842976 0.0842976 0.07413 0.0550213 0.0292762 0 
0 0 0 0 0 0 0 0 0 0 
0 0 0 0 0 0 0 0 0 0 
0 0.0278631 0.0523656 0.0705519 0.0802287 0.0802287 0.0705519 0.0523656 0.0278631 0 
0 0.0523656 0.0984151 0.132594 0.150781 0.150781 0.132594 0.0984151 0.0523656 0 
0 0.0705519 0.132594 0.178644 0.203146 0.203146 0.178644 0.132594 0.0705519 0 
0 0.0802287 0.150781 0.203146 0.231009 0.231009 0.203146 0.150781 0.0802287 0 
0 0.0802287 0.150781 0.203146 0.231009 0.231009 0.203146 0.150781 0.0802287 0 
0 0.0705519 0.132594 0.178644 0.203146 0.203146 0.178644 0.132594 0.0705519 0 
0 0.0523656 0.0984151 0.132594 0.150781 0.150781 0.132594 0.0984151 0.0523656 0 
0 0.0278631 0.0523656 0.0705519 0.0802287 0.0802287 0.0705519 0.0523656 0.0278631 0 
0 0 0 0 0 0 0 0 0 0 
0 0 0 0 0 0 0 0 0 0 
0 0.0265182 0.049838 0.0671466 0.0763562 0.0763562 0.0671466 0.049838 0.0265182 0 
0 0.049838 0.0936648 0.126194 0.143503 0.143503 0.126194 0.0936648 0.049838 0 
0 0.0671466 0.126194 0.170021 0.193341 0.193341 0.170021 0.126194 0.0671466 0 
0 0.0763562 0.143503 0.193341 0.219859 0.219859 0.193341 0.143503 0.0763562 0 
0 0.0763562 0.143503 0.193341 0.219859 0.219859 0.193341 0.143503 0.0763562 0 
0 0.0671466 0.126194 0.170021 0.193341 0.193341 0.170021 0.126194 0.0671466 0 
0 0.049838 0.0936648 0.126194 0.143503 0.143503 0.126194 0.0936648 0.049838 0 
0 0.0265182 0.049838 0.0671466 0.0763562 0.0763562 0.0671466 0.049838 0.0265182 0 
0 0 0 0 0 0 0 0 0 0 
0 0 0 0 0 0 0 0 0 0 
0 0.0252383 0.0474324 0.0639055 0.0726707 0.0726707 0.0639055 0.0474324 0.0252383 0 
0 0.0474324 0.0891438 0.120103 0.136576 0.136576 0.120103 0.0891438 0.0474324 0 
0 0.0639055 0.120103 0.161814 0.184009 0.184009 0.161814 0.120103 0.0639055 0 
0 0.0726707 0.136576 0.184009 0.209247 0.209247 0.184009 0.136576 0.0726707 0 
0 0.0726707 0.136576 0.184009 0.209247 0.209247 0.184009 0.136576 0.0726707 0 
0 0.0639055 0.120103 0.161814 0.184009 0.184009 0.161814 0.120103 0.0639055 0 
0 0.0474324 0.0891438 0.120103 0.136576 0.136576 0.120103 0.0891438 0.0474324 0 
0 0.0252383 0.0474324 0.0639055 0.0726707 0.0726707 0.0639055 0.0474324 0.0252383 0 
0 0 0 0 0 0 0 0 0 0 
0 0 0 0 0 0 0 0 0 0 
0 0.0240201 0.045143 0.0608209 0.069163 0.069163 0.0608209 0.045143 0.0240201 0 
0 0.045143 0.084841 0.114306 0.129984 0.129984 0.114306 0.084841 0.045143 0 
0 0.0608209 0.114306 0.154004 0.175127 0.175127 0.154004 0.114306 0.0608209 0 
0 0.069163 0.129984 0.175127 0.199147 0.199147 0.175127 0.129984 0.069163 0 
0 0.069163 0.129984 0.175127 0.199147 0.199147 0.175127 0.129984 0.069163 0 
0 0.0608209 0.114306 0.154004 0.175127 0.175127 0.154004 0.114306 0.0608209 0 
0 0.045143 0.084841 0.114306 0.129984 0.129984 0.114306 0.084841 0.045143 0 
0 0.0240201 0.045143 0.0608209 0.069163 0.069163 0.0608209 0.045143 0.0240201 0 
0 0 0 0 0 0 0 0 0 0 
0 0 0 0 0 0 0 0 0 0 
0 0.0228607 0.042964 0.0578852 0.0658247 0.0658247 0.0578852 0.042964 0.0228607 0 
0 0.042964 0.0807459 0.108789 0.12371 0.12371 0.108789 0.0807459 0.042964 0 
0 0.0578852 0.108789 0.146571 0.166674 0.166674 0.146571 0.108789 0.0578852 0 
0 0.0658247 0.12371 0.166674 0.189535 0.189535 0.166674 0.12371 0.0658247 0 
0 0.0658247 0.12371 0.166674 0.189535 0.189535 0.166674 0.12371 0.0658247 0 
0 0.0578852 0.108789 0.146571 0.166674 0.166674 0.146571 0.108789 0.0578852 0 
0 0.042964 0.0807459 0.108789 0.12371 0.12371 0.108789 0.0807459 0.042964 0 
0 0.0228607 0.042964 0.0578852 0.0658247 0.0658247 0.0578852 0.042964 0.0228607 0 
0 0 0 0 0 0 0 0 0 0 
0 0 0 0 0 0 0 0 0 0 
0 0.0217572 0.0408902 0.0550912 0.0626474 0.0626474 0.0550912 0.0408902 0.0217572 0 
0 0.0408902 0.0768485 0.103538 0.117739 0.117739 0.103538 0.0768485 0.0408902 0 
0 0.0550912 0.103538 0.139496 0.158629 0.158629 0.139496 0.103538 0.0550912 0 
0 0.0626474 0.117739 0.158629 0.180386 0.180386 0.158629 0.117739 0.0626474 0 
0 0.0626474 0.117739 0.158629 0.180386 0.180386 0.158629 0.117739 0.0626474 0 
0 0.0550912 0.103538 0.139496 0.158629 0.158629 0.139496 0.103538 0.0550912 0 
0 0.0408902 0.0768485 0.103538 0.117739 0.117739 0.103538 0.0768485 0.0408902 0 
0 0.0217572 0.0408902 0.0550912 0.0626474 0.0626474 0.0550912 0.0408902 0.0217572 0 
0 0 0 0 0 0 0 0 0 0 
0 0 0 0 0 0 0 0 0 0 
0 0.0207071 0.0389165 0.0524321 0.0596236 0.0596236 0.0524321 0.0389165 0.0207071 0 
0 0.0389165 0.0731392 0.0985401 0.112056 0.112056 0.0985401 0.0731392 0.0389165 0 
0 0.0524321 0.0985401 0.132763 0.150972 0.150972 0.132763 0.0985401 0.0524321 0 
0 0.0596236 0.112056 0.150972 0.171679 0.171679 0.150972 0.112056 0.0596236 0 
0 0.0596236 0.112056 0.150972 0.171679 0.171679 0.150972 0.112056 0.0596236 0 
0 0.0524321 0.0985401 0.132763 0.150972 0.150972 0.132763 0.0985401 0.0524321 0 
0 0.0389165 0.0731392 0.0985401 0.112056 0.112056 0.0985401 0.0731392 0.0389165 0 
0 0.0207071 0.0389165 0.0524321 0.0596236 0.0596236 0.0524321 0.0389165 0.0207071 0 
0 0 0 0 0 0 0 0 0 0 
0 0 0 0 0 0 0 0 0 0 
0 0.0197076 0.0370381 0.0499013 0.0567457 0.0567457 0.0499013 0.0370381 0.0197076 0 
0 0.0370381 0.0696089 0.0937838 0.106647 0.106647 0.0937838 0.0696089 0.0370381 0 
0 0.0499013 0.0937838 0.126355 0.143685 0.143685 0.126355 0.0937838 0.0499013 0 
0 0.0567457 0.106647 0.143685 0.163393 0.163393 0.143685 0.106647 0.0567457 0 
0 0.0567457 0.106647 0.143685 0.163393 0.163393 0.143685 0.106647 0.0567457 0 
0 0.0499013 0.0937838 0.126355 0.143685 0.143685 0.126355 0.0937838 0.0499013 0 
0 0.0370381 0.0696089 0.0937838 0.106647 0.106647 0.0937838 0.0696089 0.0370381 0 
0 0.0197076 0.0370381 0.0499013 0.0567457 0.0567457 0.0499013 0.0370381 0.0197076 0 
0 0 0 0 0 0 0 0 0 0 
0 0 0 0 0 0 0 0 0 0 
0 0.0187563 0.0352504 0.0474927 0.0540067 0.0540067 0.0474927 0.0352504 0.0187563 0 
0 0.0352504 0.066249 0.089257 0.101499 0.101499 0.089257 0.066249 0.0352504 0 
0 0.0474927 0.089257 0.120256 0.13675 0.13675 0.120256 0.089257 0.0474927 0 
0 0.0540067 0.101499 0.13675 0.155506 0.155506 0.13675 0.101499 0.0540067 0 
0 0.0540067 0.101499 0.13675 0.155506 0.155506 0.13675 0.101499 0.0540067 0 
0 0.0474927 0.089257 0.120256 0.13675 0.13675 0.120256 0.089257 0.0474927 0 
0 0.0352504 0.066249 0.089257 0.101499 0.101499 0.089257 0.066249 0.0352504 0 
0 0.0187563 0.0352504 0.0474927 0.0540067 0.0540067 0.0474927 0.0352504 0.0187563 0 
0 0 0 0 0 0 0 0 0 0 
0 0 0 0 0 0 0 0 0 0 
0 0.017851 0.0335489 0.0452003 0.0513999 0.0513999 0.0452003 0.0335489 0.017851 0 
0 0.0335489 0.0630513 0.0849488 0.0966002 0.0966002 0.0849488 0.0630513 0.0335489 0 
0 0.0452003 0.0849488 0.114451 0.130149 0.130149 0.114451 0.0849488 0.0452003 0 
0 0.0513999 0.0966002 0.130149 0.148 0.148 0.130149 0.0966002 0.0513999 0 
0 0.0513999 0.0966002 0.130149 0.148 0.148 0.130149 0.0966002 0.0513999 0 
0 0.0452003 0.0849488 0.114451 0.130149 0.130149 0.114451 0.0849488 0.0452003 0 
0 0.0335489 0.0630513 0.0849488 0.0966002 0.0966002 0.0849488 0.0630513 0.0335489 0 
0 0.017851 0.0335489 0.0452003 0.0513999 0.0513999 0.0452003 0.0335489 0.017851 0 
0 0 0 0 0 0 0 0 0 0 
0 0 0 0 0 0 0 0 0 0 
0 0.0169894 0.0319296 0.0430186 0.0489189 0.0489189 0.0430186 0.0319296 0.0169894 0 
0 0.0319296 0.060008 0.0808485 0.0919375 0.0919375 0.0808485 0.060008 0.0319296 0 
0 0.0430186 0.0808485 0.108927 0.123867 0.123867 0.108927 0.0808485 0.0430186 0 
0 0.0489189 0.0919375 0.123867 0.140856 0.140856 0.123867 0.0919375 0.0489189 0 
0 0.0489189 0.0919375 0.123867 0.140856 0.140856 0.123867 0.0919375 0.0489189 0 
0 0.0430186 0.0808485 0.108927 0.123867 0.123867 0.108927 0.0808485 0.0430186 0 
0 0.0319296 0.060008 0.0808485 0.0919375 0.0919375 0.0808485 0.060008 0.0319296 0 
0 0.0169894 0.0319296 0.0430186 0.0489189 0.0489189 0.0430186 0.0319296 0.0169894 0 
0 0 0 0 0 0 0 0 0 0 
0 0 0 0 0 0 0 0 0 0 
0 0.0161693 0.0303884 0.0409422 0.0465577 0.0465577 0.0409422 0.0303884 0.0161693 0 
0 0.0303884 0.0571115 0.0769461 0.0874999 0.0874999 0.0769461 0.0571115 0.0303884 0 
0 0.0409422 0.0769461 0.103669 0.117888 0.117888 0.103669 0.0769461 0.0409422 0 
0 0.0465577 0.0874999 0.117888 0.134058 0.134058 0.117888 0.0874999 0.0465577 0 
0 0.0465577 0.0874999 0.117888 0.134058 0.134058 0.117888 0.0874999 0.0465577 0 
0 0.0409422 0.0769461 0.103669 0.117888 0.117888 0.103669 0.0769461 0.0409422 0 
0 0.0303884 0.0571115 0.0769461 0.0874999 0.0874999 0.0769461 0.0571115 0.0303884 0 
0 0.0161693 0.0303884 0.0409422 0.0465577 0.0465577 0.0409422 0.0303884 0.0161693 0 
0 0 0 0 0 0 0 0 0 0 
0 0 0 0 0 0 0 0 0 0 
0 0.0153889 0.0289216 0.038966 0.0443105 0.0443105 0.038966 0.0289216 0.0153889 0 
0 0.0289216 0.0543548 0.0732321 0.0832764 0.0832764 0.0732321 0.0543548 0.0289216 0 
0 0.038966 0.0732321 0.0986653 0.112198 0.112198 0.0986653 0.0732321 0.038966 0 
0 0.0443105 0.0832764 0.112198 0.127587 0.127587 0.112198 0.0832764 0.0443105 0 
0 0.0443105 0.0832764 0.112198 0.127587 0.127587 0.112198 0.0832764 0.0443105 0 
0 0.038966 0.0732321 0.0986653 0.112198 0.112198 0.0986653 0.0732321 0.038966 0 
0 0.0289216 0.0543548 0.0732321 0.0832764 0.0832764 0.0732321 0.0543548 0.0289216 0 
0 0.0153889 0.0289216 0.038966 0.0443105 0.0443105 0.038966 0.0289216 0.0153889 0 
0 0 0 0 0 0 0 0 0 0 
0 0 0 0 0 0 0 0 0 0 
0 0.0146461 0.0275256 0.0370852 0.0421717 0.0421717 0.0370852 0.0275256 0.0146461 0 
0 0.0275256 0.0517312 0.0696973 0.0792569 0.0792569 0.0696973 0.0517312 0.0275256 0 
0 0.0370852 0.0696973 0.0939029 0.106782 0.106782 0.0939029 0.0696973 0.0370852 0 
0 0.0421717 0.0792569 0.106782 0.121429 0.121429 0.106782 0.0792569 0.0421717 0 
0 0.0421717 0.0792569 0.106782 0.121429 0.121429 0.106782 0.0792569 0.0421717 0 
0 0.0370852 0.0696973 0.0939029 0.106782 0.106782 0.0939029 0.0696973 0.0370852 0 
0 0.0275256 0.0517312 0.0696973 0.0792569 0.0792569 0.0696973 0.0517312 0.0275256 0 
0 0.0146461 0.0275256 0.0370852 0.0421717 0.0421717 0.0370852 0.0275256 0.0146461 0 
0 0 0 0 0 0 0 0 0 0 
0 0 0 0 0 0 0 0 0 0 
0 0.0139391 0.026197 0.0352951 0.0401362 0.0401362 0.0352951 0.026197 0.0139391 0 
0 0.026197 0.0492343 0.0663332 0.0754313 0.0754313 0.0663332 0.0492343 0.026197 0 
0 0.0352951 0.0663332 0.0893704 0.101628 0.101628 0.0893704 0.0663332 0.0352951 0 
0 0.0401362 0.0754313 0.101628 0.115567 0.115567 0.101628 0.0754313 0.0401362 0 
0 0.0401362 0.0754313 0.101628 0.115567 0.115567 0.101628 0.0754313 0.0401362 0 
0 0.0352951 0.0663332 0.0893704 0.101628 0.101628 0.0893704 0.0663332 0.0352951 0 
0 0.026197 0.0492343 0.0663332 0.0754313 0.0754313 0.0663332 0.0492343 0.026197 0 
0 0.0139391 0.026197 0.0352951 0.0401362 0.0401362 0.0352951 0.026197 0.0139391 0 
0 0 0 0 0 0 0 0 0 0 
0 0 0 0 0 0 0 0 0 0 
0 0.0132663 0.0249325 0.0335915 0.0381989 0.0381989 0.0335915 0.0249325 0.0132663 0 
0 0.0249325 0.0468579 0.0631314 0.0717904 0.0717904 0.0631314 0.0468579 0.0249325 0 
0 0.0335915 0.0631314 0.0850567 0.0967229 0.0967229 0.0850567 0.0631314 0.0335915 0 
0 0.0381989 0.0717904 0.0967229 0.109989 0.109989 0.0967229 0.0717904 0.0381989 0 
0 0.0381989 0.0717904 0.0967229 0.109989 0.109989 0.0967229 0.0717904 0.0381989 0 
0 0.0335915 0.0631314 0.0850567 0.0967229 0.0967229 0.0850567 0.0631314 0.0335915 0 
0 0.0249325 0.0468579 0.0631314 0.0717904 0.0717904 0.0631314 0.0468579 0.0249325 0 
0 0.0132663 0.0249325 0.0335915 0.0381989 0.0381989 0.0335915 0.0249325 0.0132663 0 
0 0 0 0 0 0 0 0 0 0 
0 0 0 0 0 0 0 0 0 0 
0 0.012626 0.0237291 0.0319701 0.0363551 0.0363551 0.0319701 0.0237291 0.012626 0 
0 0.0237291 0.0445961 0.0600842 0.0683252 0.0683252 0.0600842 0.0445961 0.0237291 0 
0 0.0319701 0.0600842 0.0809512 0.0920543 0.0920543 0.0809512 0.0600842 0.0319701 0 
0 0.0363551 0.0683252 0.0920543 0.10468 0.10468 0.0920543 0.0683252 0.0363551 0 
0 0.0363551 0.0683252 0.0920543 0.10468 0.10468 0.0920543 0.0683252 0.0363551 0 
0 0.0319701 0.0600842 0.0809512 0.0920543 0.0920543 0.0809512 0.0600842 0.0319701 0 
0 0.0237291 0.0445961 0.0600842 0.0683252 0.0683252 0.0600842 0.0445961 0.0237291 0 
0 0.012626 0.0237291 0.0319701 0.0363551 0.0363551 0.0319701 0.0237291 0.012626 0 
0 0 0 0 0 0 0 0 0 0 
0 0 0 0 0 0 0 0 0 0 
0 0.0120166 0.0225837 0.030427 0.0346003 0.0346003 0.030427 0.0225837 0.0120166 0 
0 0.0225837 0.0424436 0.0571841 0.0650273 0.0650273 0.0571841 0.0424436 0.0225837 0 
0 0.030427 0.0571841 0.0770439 0.0876111 0.0876111 0.0770439 0.0571841 0.030427 0 
0 0.0346003 0.0650273 0.0876111 0.0996276 0.0996276 0.0876111 0.0650273 0.0346003 0 
0 0.0346003 0.0650273 0.0876111 0.0996276 0.0996276 0.0876111 0.0650273 0.0346003 0 
0 0.030427 0.0571841 0.0770439 0.0876111 0.0876111 0.0770439 0.0571841 0.030427 0 
0 0.0225837 0.0424436 0.0571841 0.0650273 0.0650273 0.0571841 0.0424436 0.0225837 0 
0 0.0120166 0.0225837 0.030427 0.0346003 0.0346003 0.030427 0.0225837 0.0120166 0 
0 0 0 0 0 0 0 0 0 0 
0 0 0 0 0 0 0 0 0 0 
0 0.0114365 0.0214937 0.0289584 0.0329302 0.0329302 0.0289584 0.0214937 0.0114365 0 
0 0.0214937 0.0403949 0.0544239 0.0618886 0.0618886 0.0544239 0.0403949 0.0214937 0 
0 0.0289584 0.0544239 0.0733251 0.0833822 0.0833822 0.0733251 0.0544239 0.0289584 0 
0 0.0329302 0.0618886 0.0833822 0.0948188 0.0948188 0.0833822 0.0618886 0.0329302 0 
0 0.0329302 0.0618886 0.0833822 0.0948188 0.0948188 0.0833822 0.0618886 0.0329302 0 
0 0.0289584 0.0544239 0.0733251 0.0833822 0.0833822 0.0733251 0.0544239 0.0289584 0 
0 0.0214937 0.0403949 0.0544239 0.0618886 0.0618886 0.0544239 0.0403949 0.0214937 0 
0 0.0114365 0.0214937 0.0289584 0.0329302 0.0329302 0.0289584 0.0214937 0.0114365 0 
0 0 0 0 0 0 0 0 0 0 
0 0 0 0 0 0 0 0 0 0 
0 0.0108845 0.0204562 0.0275606 0.0313407 0.0313407 0.0275606 0.0204562 0.0108845 0 
0 0.0204562 0.0384451 0.051797 0.0589013 0.0589013 0.051797 0.0384451 0.0204562 0 
0 0.0275606 0.051797 0.0697859 0.0793576 0.0793576 0.0697859 0.051797 0.0275606 0 
0 0.0313407 0.0589013 0.0793576 0.0902421 0.0902421 0.0793576 0.0589013 0.0313407 0 
0 0.0313407 0.0589013 0.0793576 0.0902421 0.0902421 0.0793576 0.0589013 0.0313407 0 
0 0.0275606 0.051797 0.0697859 0.0793576 0.0793576 0.0697859 0.051797 0.0275606 0 
0 0.0204562 0.0384451 0.051797 0.0589013 0.0589013 0.051797 0.0384451 0.0204562 0 
0 0.0108845 0.0204562 0.0275606 0.0313407 0.0313407 0.0275606 0.0204562 0.0108845 0 
0 0 0 0 0 0 0 0 0 0 
0 0 0 0 0 0 0 0 0 0 
0 0.0103592 0.0194688 0.0262303 0.029828 0.029828 0.0262303 0.0194688 0.0103592 0 
0 0.0194688 0.0365895 0.0492968 0.0560583 0.0560583 0.0492968 0.0365895 0.0194688 0 
0 0.0262303 0.0492968 0.0664175 0.0755271 0.0755271 0.0664175 0.0492968 0.0262303 0 
0 0.029828 0.0560583 0.0755271 0.0858863 0.0858863 0.0755271 0.0560583 0.029828 0 
0 0.029828 0.0560583 0.0755271 0.0858863 0.0858863 0.0755271 0.0560583 0.029828 0 
0 0.0262303 0.0492968 0.0664175 0.0755271 0.0755271 0.0664175 0.0492968 0.0262303 0 
0 0.0194688 0.0365895 0.0492968 0.0560583 0.0560583 0.0492968 0.0365895 0.0194688 0 
0 0.0103592 0.0194688 0.0262303 0.029828 0.029828 0.0262303 0.0194688 0.0103592 0 
0 0 0 0 0 0 0 0 0 0 
0 0 0 0 0 0 0 0 0 0 
0 0.00985914 0.0185291 0.0249642 0.0283883 0.0283883 0.0249642 0.0185291 0.00985914 0 
0 0.0185291 0.0348234 0.0469174 0.0533525 0.0533525 0.0469174 0.0348234 0.0185291 0 
0 0.0249642 0.0469174 0.0632116 0.0718816 0.0718816 0.0632116 0.0469174 0.0249642 0 
0 0.0283883 0.0533525 0.0718816 0.0817407 0.0817407 0.0718816 0.0533525 0.0283883 0 
0 0.0283883 0.0533525 0.0718816 0.0817407 0.0817407 0.0718816 0.0533525 0.0283883 0 
0 0.0249642 0.0469174 0.0632116 0.0718816 0.0718816 0.0632116 0.0469174 0.0249642 0 
0 0.0185291 0.0348234 0.0469174 0.0533525 0.0533525 0.0469174 0.0348234 0.0185291 0 
0 0.00985914 0.0185291 0.0249642 0.0283883 0.0283883 0.0249642 0.0185291 0.00985914 0 
0 0 0 0 0 0 0 0 0 0 
0 0 0 0 0 0 0 0 0 0 
0 0.00938326 0.0176348 0.0237592 0.027018 0.027018 0.0237592 0.0176348 0.00938326 0 
0 0.0176348 0.0331425 0.0446528 0.0507773 0.0507773 0.0446528 0.0331425 0.0176348 0 
0 0.0237592 0.0446528 0.0601605 0.068412 0.068412 0.0601605 0.0446528 0.0237592 0 
0 0.027018 0.0507773 0.068412 0.0777953 0.0777953 0.068412 0.0507773 0.027018 0 
0 0.027018 0.0507773 0.068412 0.0777953 0.0777953 0.068412 0.0507773 0.027018 0 
0 0.0237592 0.0446528 0.0601605 0.068412 0.068412 0.0601605 0.0446528 0.0237592 0 
0 0.0176348 0.0331425 0.0446528 0.0507773 0.0507773 0.0446528 0.0331425 0.0176348 0 
0 0.00938326 0.0176348 0.0237592 0.027018 0.027018 0.0237592 0.0176348 0.00938326 0 
0 0 0 0 0 0 0 0 0 0 
0 0 0 0 0 0 0 0 0 0 
0 0.00893035 0.0167836 0.0226124 0.0257139 0.0257139 0.0226124 0.0167836 0.00893035 0 
0 0.0167836 0.0315428 0.0424975 0.0483264 0.0483264 0.0424975 0.0315428 0.0167836 0 
0 0.0226124 0.0424975 0.0572567 0.0651099 0.0651099 0.0572567 0.0424975 0.0226124 0 
0 0.0257139 0.0483264 0.0651099 0.0740403 0.0740403 0.0651099 0.0483264 0.0257139 0 
0 0.0257139 0.0483264 0.0651099 0.0740403 0.0740403 0.0651099 0.0483264 0.0257139 0 
0 0.0226124 0.0424975 0.0572567 0.0651099 0.0651099 0.0572567 0.0424975 0.0226124 0 
0 0.0167836 0.0315428 0.0424975 0.0483264 0.0483264 0.0424975 0.0315428 0.0167836 0 
0 0.00893035 0.0167836 0.0226124 0.0257139 0.0257139 0.0226124 0.0167836 0.00893035 0 
0 0 0 0 0 0 0 0 0 0 
0 0 0 0 0 0 0 0 0 0 
0 0.0084993 0.0159735 0.021521 0.0244728 0.0244728 0.021521 0.0159735 0.0084993 0 
0 0.0159735 0.0300203 0.0404462 0.0459937 0.0459937 0.0404462 0.0300203 0.0159735 0 
0 0.021521 0.0404462 0.054493 0.0619672 0.0619672 0.054493 0.0404462 0.021521 0 
0 0.0244728 0.0459937 0.0619672 0.0704665 0.0704665 0.0619672 0.0459937 0.0244728 0 
0 0.0244728 0.0459937 0.0619672 0.0704665 0.0704665 0.0619672 0.0459937 0.0244728 0 
0 0.021521 0.0404462 0.054493 0.0619672 0.0619672 0.054493 0.0404462 0.021521 0 
0 0.0159735 0.0300203 0.0404462 0.0459937 0.0459937 0.0404462 0.0300203 0.0159735 0 
0 0.0084993 0.0159735 0.021521 0.0244728 0.0244728 0.021521 0.0159735 0.0084993 0 
0 0 0 0 0 0 0 0 0 0 
0 0 0 0 0 0 0 0 0 0 
0 0.00808906 0.0152025 0.0204822 0.0232915 0.0232915 0.0204822 0.0152025 0.00808906 0 
0 0.0152025 0.0285713 0.038494 0.0437737 0.0437737 0.038494 0.0285713 0.0152025 0 
0 0.0204822 0.038494 0.0518628 0.0589762 0.0589762 0.0518628 0.038494 0.0204822 0 
0 0.0232915 0.0437737 0.0589762 0.0670652 0.0670652 0.0589762 0.0437737 0.0232915 0 
0 0.0232915 0.0437737 0.0589762 0.0670652 0.0670652 0.0589762 0.0437737 0.0232915 0 
0 0.0204822 0.038494 0.0518628 0.0589762 0.0589762 0.0518628 0.038494 0.0204822 0 
0 0.0152025 0.0285713 0.038494 0.0437737 0.0437737 0.038494 0.0285713 0.0152025 0 
0 0.00808906 0.0152025 0.0204822 0.0232915 0.0232915 0.0204822 0.0152025 0.00808906 0 
0 0 0 0 0 0 0 0 0 0 
0 0 0 0 0 0 0 0 0 0 
0 0.00769861 0.0144687 0.0194936 0.0221673 0.0221673 0.0194936 0.0144687 0.00769861 0 
0 0.0144687 0.0271922 0.0366359 0.0416609 0.0416609 0.0366359 0.0271922 0.0144687 0 
0 0.0194936 0.0366359 0.0493595 0.0561295 0.0561295 0.0493595 0.0366359 0.0194936 0 
0 0.0221673 0.0416609 0.0561295 0.0638281 0.0638281 0.0561295 0.0416609 0.0221673 0 
0 0.0221673 0.0416609 0.0561295 0.0638281 0.0638281 0.0561295 0.0416609 0.0221673 0 
0 0.0194936 0.0366359 0.0493595 0.0561295 0.0561295 0.0493595 0.0366359 0.0194936 0 
0 0.0144687 0.0271922 0.0366359 0.0416609 0.0416609 0.0366359 0.0271922 0.0144687 0 
0 0.00769861 0.0144687 0.0194936 0.0221673 0.0221673 0.0194936 0.0144687 0.00769861 0 
0 0 0 0 0 0 0 0 0 0 
0 0 0 0 0 0 0 0 0 0 
0 0.00732702 0.0137703 0.0185527 0.0210973 0.0210973 0.0185527 0.0137703 0.00732702 0 
0 0.0137703 0.0258797 0.0348676 0.03965 0.03965 0.0348676 0.0258797 0.0137703 0 
0 0.0185527 0.0348676 0.046977 0.0534203 0.0534203 0.046977 0.0348676 0.0185527 0 
0 0.0210973 0.03965 0.0534203 0.0607473 0.0607473 0.0534203 0.03965 0.0210973 0 
0 0.0210973 0.03965 0.0534203 0.0607473 0.0607473 0.0534203 0.03965 0.0210973 0 
0 0.0185527 0.0348676 0.046977 0.0534203 0.0534203 0.046977 0.0348676 0.0185527 0 
0 0.0137703 0.0258797 0.0348676 0.03965 0.03965 0.0348676 0.0258797 0.0137703 0 
0 0.00732702 0.0137703 0.0185527 0.0210973 0.0210973 0.0185527 0.0137703 0.00732702 0 
0 0 0 0 0 0 0 0 0 0 
0 0 0 0 0 0 0 0 0 0 
0 0.00697336 0.0131056 0.0176572 0.020079 0.020079 0.0176572 0.0131056 0.00697336 0 
0 0.0131056 0.0246305 0.0331846 0.0377362 0.0377362 0.0331846 0.0246305 0.0131056 0 
0 0.0176572 0.0331846 0.0447095 0.0508418 0.0508418 0.0447095 0.0331846 0.0176572 0 
0 0.020079 0.0377362 0.0508418 0.0578151 0.0578151 0.0508418 0.0377362 0.020079 0 
0 0.020079 0.0377362 0.0508418 0.0578151 0.0578151 0.0508418 0.0377362 0.020079 0 
0 0.0176572 0.0331846 0.0447095 0.0508418 0.0508418 0.0447095 0.0331846 0.0176572 0 
0 0.0131056 0.0246305 0.0331846 0.0377362 0.0377362 0.0331846 0.0246305 0.0131056 0 
0 0.00697336 0.0131056 0.0176572 0.020079 0.020079 0.0176572 0.0131056 0.00697336 0 
0 0 0 0 0 0 0 0 0 0 
0 0 0 0 0 0 0 0 0 0 
0 0.00663677 0.012473 0.0168049 0.0191098 0.0191098 0.0168049 0.012473 0.00663677 0 
0 0.012473 0.0234417 0.0315829 0.0359147 0.0359147 0.0315829 0.0234417 0.012473 0 
0 0.0168049 0.0315829 0.0425515 0.0483878 0.0483878 0.0425515 0.0315829 0.0168049 0 
0 0.0191098 0.0359147 0.0483878 0.0550245 0.0550245 0.0483878 0.0359147 0.0191098 0 
0 0.0191098 0.0359147 0.0483878 0.0550245 0.0550245 0.0483878 0.0359147 0.0191098 0 
