0 0 0 0 0 0 0 0 0 0 
0 0.116978 0.219846 0.296198 0.336824 0.336824 0.296198 0.219846 0.116978 0 
0 0.219846 0.413176 0.55667 0.633022 0.633022 0.55667 0.413176 0.219846 0 
0 0.296198 0.55667 0.75 0.852869 0.852869 0.75 0.55667 0.296198 0 
0 0.336824 0.633022 0.852869 0.969846 0.969846 0.852869 0.633022 0.336824 0 
0 0.336824 0.633022 0.852869 0.969846 0.969846 0.852869 0.633022 0.336824 0 
0 0.296198 0.55667 0.75 0.852869 0.852869 0.75 0.55667 0.296198 0 
0 0.219846 0.413176 0.55667 0.633022 0.633022 0.55667 0.413176 0.219846 0 
0 0.116978 0.219846 0.296198 0.336824 0.336824 0.296198 0.219846 0.116978 0 
0 0 0 0 0 0 0 0 0 0 
0 0 0 0 0 0 0 0 0 0 
0 0.0908823 0.172868 0.237933 0.279707 0.294101 0.279707 0.237933 0.172868 0 
0 0.172868 0.328815 0.452576 0.532034 0.559414 0.532034 0.452576 0.328815 0 
0 0.237933 0.452576 0.622917 0.732283 0.769967 0.732283 0.622917 0.452576 0 
0 0.279707 0.532034 0.732283 0.86085 0.905151 0.86085 0.732283 0.532034 0 
0 0.294101 0.559414 0.769967 0.905151 0.951732 0.905151 0.769967 0.559414 0 
0 0.279707 0.532034 0.732283 0.86085 0.905151 0.86085 0.732283 0.532034 0 
0 0.237933 0.452576 0.622917 0.732283 0.769967 0.732283 0.622917 0.452576 0 
0 0.172868 0.328815 0.452576 0.532034 0.559414 0.532034 0.452576 0.328815 0 
0 0 0 0 0 0 0 0 0 0 
0 0 0 0 0 0 0 0 0 0 
0 0.0864956 0.164524 0.226448 0.266206 0.279906 0.266206 0.226448 0.164524 0 
0 0.164524 0.312944 0.430731 0.506354 0.532412 0.506354 0.430731 0.312944 0 
0 0.226448 0.430731 0.59285 0.696937 0.732803 0.696937 0.59285 0.430731 0 
0 0.266206 0.506354 0.696937 0.819298 0.861461 0.819298 0.696937 0.506354 0 
0 0.279906 0.532412 0.732803 0.861461 0.905794 0.861461 0.732803 0.532412 0 
0 0.266206 0.506354 0.696937 0.819298 0.861461 0.819298 0.696937 0.506354 0 
0 0.226448 0.430731 0.59285 0.696937 0.732803 0.696937 0.59285 0.430731 0 
0 0.164524 0.312944 0.430731 0.506354 0.532412 0.506354 0.430731 0.312944 0 
0 0 0 0 0 0 0 0 0 0 
0 0 0 0 0 0 0 0 0 0 
0 0.0823207 0.156583 0.215518 0.253357 0.266395 0.253357 0.215518 0.156583 0 
0 0.156583 0.297839 0.40994 0.481914 0.506714 0.481914 0.40994 0.297839 0 
0 0.215518 0.40994 0.564234 0.663297 0.697432 0.663297 0.564234 0.40994 0 
0 0.253357 0.481914 0.663297 0.779753 0.81988 0.779753 0.663297 0.481914 0 
0 0.266395 0.506714 0.697432 0.81988 0.862073 0.81988 0.697432 0.506714 0 
0 0.253357 0.481914 0.663297 0.779753 0.81988 0.779753 0.663297 0.481914 0 
0 0.215518 0.40994 0.564234 0.663297 0.697432 0.663297 0.564234 0.40994 0 
0 0.156583 0.297839 0.40994 0.481914 0.506714 0.481914 0.40994 0.297839 0 
0 0 0 0 0 0 0 0 0 0 
0 0 0 0 0 0 0 0 0 0 
0 0.0783472 0.149025 0.205116 0.241128 0.253537 0.241128 0.205116 0.149025 0 
0 0.149025 0.283463 0.390153 0.458653 0.482256 0.458653 0.390153 0.283463 0 
0 0.205116 0.390153 0.537 0.631281 0.663768 0.631281 0.537 0.390153 0 
0 0.241128 0.458653 0.631281 0.742116 0.780306 0.742116 0.631281 0.458653 0 
0 0.253537 0.482256 0.663768 0.780306 0.820463 0.780306 0.663768 0.482256 0 
0 0.241128 0.458653 0.631281 0.742116 0.780306 0.742116 0.631281 0.458653 0 
0 0.205116 0.390153 0.537 0.631281 0.663768 0.631281 0.537 0.390153 0 
0 0.149025 0.283463 0.390153 0.458653 0.482256 0.458653 0.390153 0.283463 0 
0 0 0 0 0 0 0 0 0 0 
0 0 0 0 0 0 0 0 0 0 
0 0.0745656 0.141832 0.195215 0.229489 0.241299 0.229489 0.195215 0.141832 0 
0 0.141832 0.269781 0.371321 0.436514 0.458978 0.436514 0.371321 0.269781 0 
0 0.195215 0.371321 0.51108 0.600811 0.63173 0.600811 0.51108 0.371321 0 
0 0.229489 0.436514 0.600811 0.706295 0.742643 0.706295 0.600811 0.436514 0 
0 0.241299 0.458978 0.63173 0.742643 0.780861 0.742643 0.63173 0.458978 0 
0 0.229489 0.436514 0.600811 0.706295 0.742643 0.706295 0.600811 0.436514 0 
0 0.195215 0.371321 0.51108 0.600811 0.63173 0.600811 0.51108 0.371321 0 
0 0.141832 0.269781 0.371321 0.436514 0.458978 0.436514 0.371321 0.269781 0 
0 0 0 0 0 0 0 0 0 0 
0 0 0 0 0 0 0 0 0 0 
0 0.0709664 0.134986 0.185793 0.218412 0.229652 0.218412 0.185793 0.134986 0 
0 0.134986 0.256759 0.353398 0.415445 0.436824 0.415445 0.353398 0.256759 0 
0 0.185793 0.353398 0.486411 0.571811 0.601237 0.571811 0.486411 0.353398 0 
0 0.218412 0.415445 0.571811 0.672204 0.706797 0.672204 0.571811 0.415445 0 
0 0.229652 0.436824 0.601237 0.706797 0.74317 0.706797 0.601237 0.436824 0 
0 0.218412 0.415445 0.571811 0.672204 0.706797 0.672204 0.571811 0.415445 0 
0 0.185793 0.353398 0.486411 0.571811 0.601237 0.571811 0.486411 0.353398 0 
0 0.134986 0.256759 0.353398 0.415445 0.436824 0.415445 0.353398 0.256759 0 
0 0 0 0 0 0 0 0 0 0 
0 0 0 0 0 0 0 0 0 0 
0 0.067541 0.128471 0.176825 0.20787 0.218567 0.20787 0.176825 0.128471 0 
0 0.128471 0.244366 0.336341 0.395392 0.41574 0.395392 0.336341 0.244366 0 
0 0.176825 0.336341 0.462933 0.544211 0.572217 0.544211 0.462933 0.336341 0 
0 0.20787 0.395392 0.544211 0.639758 0.672681 0.639758 0.544211 0.395392 0 
0 0.218567 0.41574 0.572217 0.672681 0.707299 0.672681 0.572217 0.41574 0 
0 0.20787 0.395392 0.544211 0.639758 0.672681 0.639758 0.544211 0.395392 0 
0 0.176825 0.336341 0.462933 0.544211 0.572217 0.544211 0.462933 0.336341 0 
0 0.128471 0.244366 0.336341 0.395392 0.41574 0.395392 0.336341 0.244366 0 
0 0 0 0 0 0 0 0 0 0 
0 0 0 0 0 0 0 0 0 0 
0 0.064281 0.12227 0.16829 0.197836 0.208018 0.197836 0.16829 0.12227 0 
0 0.12227 0.232571 0.320106 0.376307 0.395673 0.376307 0.320106 0.232571 0 
0 0.16829 0.320106 0.440588 0.517943 0.544597 0.517943 0.440588 0.320106 0 
0 0.197836 0.376307 0.517943 0.608878 0.640212 0.608878 0.517943 0.376307 0 
0 0.208018 0.395673 0.544597 0.640212 0.673159 0.640212 0.544597 0.395673 0 
0 0.197836 0.376307 0.517943 0.608878 0.640212 0.608878 0.517943 0.376307 0 
0 0.16829 0.320106 0.440588 0.517943 0.544597 0.517943 0.440588 0.320106 0 
0 0.12227 0.232571 0.320106 0.376307 0.395673 0.376307 0.320106 0.232571 0 
0 0 0 0 0 0 0 0 0 0 
0 0 0 0 0 0 0 0 0 0 
0 0.0611783 0.116368 0.160167 0.188287 0.197977 0.188287 0.160167 0.116368 0 
0 0.116368 0.221345 0.304655 0.358144 0.376575 0.358144 0.304655 0.221345 0 
0 0.160167 0.304655 0.419322 0.492943 0.518311 0.492943 0.419322 0.304655 0 
0 0.188287 0.358144 0.492943 0.579489 0.609311 0.579489 0.492943 0.358144 0 
0 0.197977 0.376575 0.518311 0.609311 0.640667 0.609311 0.518311 0.376575 0 
0 0.188287 0.358144 0.492943 0.579489 0.609311 0.579489 0.492943 0.358144 0 
0 0.160167 0.304655 0.419322 0.492943 0.518311 0.492943 0.419322 0.304655 0 
0 0.116368 0.221345 0.304655 0.358144 0.376575 0.358144 0.304655 0.221345 0 
0 0 0 0 0 0 0 0 0 0 
0 0 0 0 0 0 0 0 0 0 
0 0.0582253 0.110751 0.152436 0.179199 0.188421 0.179199 0.152436 0.110751 0 
0 0.110751 0.210661 0.28995 0.340857 0.358398 0.340857 0.28995 0.210661 0 
0 0.152436 0.28995 0.399082 0.469149 0.493293 0.469149 0.399082 0.28995 0 
0 0.179199 0.340857 0.469149 0.551518 0.5799 0.551518 0.469149 0.340857 0 
0 0.188421 0.358398 0.493293 0.5799 0.609743 0.5799 0.493293 0.358398 0 
0 0.179199 0.340857 0.469149 0.551518 0.5799 0.551518 0.469149 0.340857 0 
0 0.152436 0.28995 0.399082 0.469149 0.493293 0.469149 0.399082 0.28995 0 
0 0.110751 0.210661 0.28995 0.340857 0.358398 0.340857 0.28995 0.210661 0 
0 0 0 0 0 0 0 0 0 0 
0 0 0 0 0 0 0 0 0 0 
0 0.0554149 0.105405 0.145078 0.17055 0.179326 0.17055 0.145078 0.105405 0 
0 0.105405 0.200493 0.275955 0.324404 0.341099 0.324404 0.275955 0.200493 0 
0 0.145078 0.275955 0.379819 0.446504 0.469483 0.446504 0.379819 0.275955 0 
0 0.17055 0.324404 0.446504 0.524897 0.55191 0.524897 0.446504 0.324404 0 
0 0.179326 0.341099 0.469483 0.55191 0.580312 0.55191 0.469483 0.341099 0 
0 0.17055 0.324404 0.446504 0.524897 0.55191 0.524897 0.446504 0.324404 0 
0 0.145078 0.275955 0.379819 0.446504 0.469483 0.446504 0.379819 0.275955 0 
0 0.105405 0.200493 0.275955 0.324404 0.341099 0.324404 0.275955 0.200493 0 
0 0 0 0 0 0 0 0 0 0 
0 0 0 0 0 0 0 0 0 0 
0 0.0527401 0.100318 0.138075 0.162317 0.170671 0.162317 0.138075 0.100318 0 
0 0.100318 0.190816 0.262635 0.308746 0.324635 0.308746 0.262635 0.190816 0 
0 0.138075 0.262635 0.361486 0.424953 0.446822 0.424953 0.361486 0.262635 0 
0 0.162317 0.308746 0.424953 0.499562 0.52527 0.499562 0.424953 0.308746 0 
0 0.170671 0.324635 0.446822 0.52527 0.552302 0.52527 0.446822 0.324635 0 
0 0.162317 0.308746 0.424953 0.499562 0.52527 0.499562 0.424953 0.308746 0 
0 0.138075 0.262635 0.361486 0.424953 0.446822 0.424953 0.361486 0.262635 0 
0 0.100318 0.190816 0.262635 0.308746 0.324635 0.308746 0.262635 0.190816 0 
0 0 0 0 0 0 0 0 0 0 
0 0 0 0 0 0 0 0 0 0 
0 0.0501945 0.0954756 0.131411 0.154483 0.162433 0.154483 0.131411 0.0954756 0 
0 0.0954756 0.181605 0.249958 0.293844 0.308965 0.293844 0.249958 0.181605 0 
0 0.131411 0.249958 0.344038 0.404441 0.425254 0.404441 0.344038 0.249958 0 
0 0.154483 0.293844 0.404441 0.475449 0.499917 0.475449 0.404441 0.293844 0 
0 0.162433 0.308965 0.425254 0.499917 0.525643 0.499917 0.425254 0.308965 0 
0 0.154483 0.293844 0.404441 0.475449 0.499917 0.475449 0.404441 0.293844 0 
0 0.131411 0.249958 0.344038 0.404441 0.425254 0.404441 0.344038 0.249958 0 
0 0.0954756 0.181605 0.249958 0.293844 0.308965 0.293844 0.249958 0.181605 0 
0 0 0 0 0 0 0 0 0 0 
0 0 0 0 0 0 0 0 0 0 
0 0.0477717 0.0908672 0.125068 0.147026 0.154592 0.147026 0.125068 0.0908672 0 
0 0.0908672 0.17284 0.237893 0.27966 0.294052 0.27966 0.237893 0.17284 0 
0 0.125068 0.237893 0.327432 0.38492 0.404728 0.38492 0.327432 0.237893 0 
0 0.147026 0.27966 0.38492 0.4525 0.475787 0.4525 0.38492 0.27966 0 
0 0.154592 0.294052 0.404728 0.475787 0.500272 0.475787 0.404728 0.294052 0 
0 0.147026 0.27966 0.38492 0.4525 0.475787 0.4525 0.38492 0.27966 0 
0 0.125068 0.237893 0.327432 0.38492 0.404728 0.38492 0.327432 0.237893 0 
0 0.0908672 0.17284 0.237893 0.27966 0.294052 0.27966 0.237893 0.17284 0 
0 0 0 0 0 0 0 0 0 0 
0 0 0 0 0 0 0 0 0 0 
0 0.0454659 0.0864812 0.119031 0.13993 0.147131 0.13993 0.119031 0.0864812 0 
0 0.0864812 0.164497 0.226411 0.266162 0.279859 0.266162 0.226411 0.164497 0 
0 0.119031 0.226411 0.311628 0.36634 0.385193 0.36634 0.311628 0.226411 0 
0 0.13993 0.266162 0.36634 0.430659 0.452821 0.430659 0.36634 0.266162 0 
0 0.147131 0.279859 0.385193 0.452821 0.476125 0.452821 0.385193 0.279859 0 
0 0.13993 0.266162 0.36634 0.430659 0.452821 0.430659 0.36634 0.266162 0 
0 0.119031 0.226411 0.311628 0.36634 0.385193 0.36634 0.311628 0.226411 0 
0 0.0864812 0.164497 0.226411 0.266162 0.279859 0.266162 0.226411 0.164497 0 
0 0 0 0 0 0 0 0 0 0 
0 0 0 0 0 0 0 0 0 0 
0 0.0432713 0.0823069 0.113286 0.133175 0.140029 0.133175 0.113286 0.0823069 0 
0 0.0823069 0.156557 0.215482 0.253315 0.266351 0.253315 0.215482 0.156557 0 
0 0.113286 0.215482 0.296586 0.348658 0.366601 0.348658 0.296586 0.215482 0 
0 0.133175 0.253315 0.348658 0.409872 0.430965 0.409872 0.348658 0.253315 0 
0 0.140029 0.266351 0.366601 0.430965 0.453143 0.430965 0.366601 0.266351 0 
0 0.133175 0.253315 0.348658 0.409872 0.430965 0.409872 0.348658 0.253315 0 
0 0.113286 0.215482 0.296586 0.348658 0.366601 0.348658 0.296586 0.215482 0 
0 0.0823069 0.156557 0.215482 0.253315 0.266351 0.253315 0.215482 0.156557 0 
0 0 0 0 0 0 0 0 0 0 
0 0 0 0 0 0 0 0 0 0 
0 0.0411827 0.0783342 0.107818 0.126747 0.13327 0.126747 0.107818 0.0783342 0 
0 0.0783342 0.149 0.205081 0.241088 0.253495 0.241088 0.205081 0.149 0 
0 0.107818 0.205081 0.28227 0.331829 0.348905 0.331829 0.28227 0.205081 0 
0 0.126747 0.241088 0.331829 0.390088 0.410163 0.390088 0.331829 0.241088 0 
0 0.13327 0.253495 0.348905 0.410163 0.431271 0.410163 0.348905 0.253495 0 
0 0.126747 0.241088 0.331829 0.390088 0.410163 0.390088 0.331829 0.241088 0 
0 0.107818 0.205081 0.28227 0.331829 0.348905 0.331829 0.28227 0.205081 0 
0 0.0783342 0.149 0.205081 0.241088 0.253495 0.241088 0.205081 0.149 0 
0 0 0 0 0 0 0 0 0 0 
0 0 0 0 0 0 0 0 0 0 
0 0.0391949 0.0745531 0.102614 0.120629 0.126837 0.120629 0.102614 0.0745531 0 
0 0.0745531 0.141808 0.195183 0.229451 0.241259 0.229451 0.195183 0.141808 0 
0 0.102614 0.195183 0.268646 0.315812 0.332065 0.315812 0.268646 0.195183 0 
0 0.120629 0.229451 0.315812 0.371259 0.390365 0.371259 0.315812 0.229451 0 
0 0.126837 0.241259 0.332065 0.390365 0.410454 0.390365 0.332065 0.241259 0 
0 0.120629 0.229451 0.315812 0.371259 0.390365 0.371259 0.315812 0.229451 0 
0 0.102614 0.195183 0.268646 0.315812 0.332065 0.315812 0.268646 0.195183 0 
0 0.0745531 0.141808 0.195183 0.229451 0.241259 0.229451 0.195183 0.141808 0 
0 0 0 0 0 0 0 0 0 0 
0 0 0 0 0 0 0 0 0 0 
0 0.037303 0.0709546 0.0976606 0.114807 0.120715 0.114807 0.0976606 0.0709546 0 
0 0.0709546 0.134964 0.185762 0.218376 0.229614 0.218376 0.185762 0.134964 0 
0 0.0976606 0.185762 0.255679 0.300569 0.316036 0.300569 0.255679 0.185762 0 
0 0.114807 0.218376 0.300569 0.35334 0.371523 0.35334 0.300569 0.218376 0 
0 0.120715 0.229614 0.316036 0.371523 0.390643 0.371523 0.316036 0.229614 0 
0 0.114807 0.218376 0.300569 0.35334 0.371523 0.35334 0.300569 0.218376 0 
0 0.0976606 0.185762 0.255679 0.300569 0.316036 0.300569 0.255679 0.185762 0 
0 0.0709546 0.134964 0.185762 0.218376 0.229614 0.218376 0.185762 0.134964 0 
0 0 0 0 0 0 0 0 0 0 
0 0 0 0 0 0 0 0 0 0 
0 0.0355025 0.0675298 0.0929468 0.109265 0.114889 0.109265 0.0929468 0.0675298 0 
0 0.0675298 0.128449 0.176795 0.207835 0.218531 0.207835 0.176795 0.128449 0 
0 0.0929468 0.176795 0.243338 0.286061 0.300782 0.286061 0.243338 0.176795 0 
0 0.109265 0.207835 0.286061 0.336285 0.353591 0.336285 0.286061 0.207835 0 
0 0.114889 0.218531 0.300782 0.353591 0.371787 0.353591 0.300782 0.218531 0 
0 0.109265 0.207835 0.286061 0.336285 0.353591 0.336285 0.286061 0.207835 0 
0 0.0929468 0.176795 0.243338 0.286061 0.300782 0.286061 0.243338 0.176795 0 
0 0.0675298 0.128449 0.176795 0.207835 0.218531 0.207835 0.176795 0.128449 0 
0 0 0 0 0 0 0 0 0 0 
0 0 0 0 0 0 0 0 0 0 
0 0.0337889 0.0642703 0.0884604 0.103991 0.109343 0.103991 0.0884604 0.0642703 0 
0 0.0642703 0.122249 0.168262 0.197804 0.207983 0.197804 0.168262 0.122249 0 
0 0.0884604 0.168262 0.231592 0.272253 0.286264 0.272253 0.231592 0.168262 0 
0 0.103991 0.197804 0.272253 0.320053 0.336523 0.320053 0.272253 0.197804 0 
0 0.109343 0.207983 0.286264 0.336523 0.353842 0.336523 0.286264 0.207983 0 
0 0.103991 0.197804 0.272253 0.320053 0.336523 0.320053 0.272253 0.197804 0 
0 0.0884604 0.168262 0.231592 0.272253 0.286264 0.272253 0.231592 0.168262 0 
0 0.0642703 0.122249 0.168262 0.197804 0.207983 0.197804 0.168262 0.122249 0 
0 0 0 0 0 0 0 0 0 0 
0 0 0 0 0 0 0 0 0 0 
0 0.032158 0.0611681 0.0841906 0.098972 0.104065 0.098972 0.0841906 0.0611681 0 
0 0.0611681 0.116349 0.16014 0.188256 0.197944 0.188256 0.16014 0.116349 0 
0 0.0841906 0.16014 0.220414 0.259112 0.272447 0.259112 0.220414 0.16014 0 
0 0.098972 0.188256 0.259112 0.304605 0.32028 0.304605 0.259112 0.188256 0 
0 0.104065 0.197944 0.272447 0.32028 0.336762 0.32028 0.272447 0.197944 0 
0 0.098972 0.188256 0.259112 0.304605 0.32028 0.304605 0.259112 0.188256 0 
0 0.0841906 0.16014 0.220414 0.259112 0.272447 0.259112 0.220414 0.16014 0 
0 0.0611681 0.116349 0.16014 0.188256 0.197944 0.188256 0.16014 0.116349 0 
0 0 0 0 0 0 0 0 0 0 
0 0 0 0 0 0 0 0 0 0 
0 0.0306058 0.0582156 0.0801269 0.0941948 0.0990423 0.0941948 0.0801269 0.0582156 0 
0 0.0582156 0.110733 0.15241 0.179169 0.18839 0.179169 0.15241 0.110733 0 
0 0.0801269 0.15241 0.209775 0.246605 0.259296 0.246605 0.209775 0.15241 0 
0 0.0941948 0.179169 0.246605 0.289902 0.304821 0.289902 0.246605 0.179169 0 
0 0.0990423 0.18839 0.259296 0.304821 0.320508 0.304821 0.259296 0.18839 0 
0 0.0941948 0.179169 0.246605 0.289902 0.304821 0.289902 0.246605 0.179169 0 
0 0.0801269 0.15241 0.209775 0.246605 0.259296 0.246605 0.209775 0.15241 0 
0 0.0582156 0.110733 0.15241 0.179169 0.18839 0.179169 0.15241 0.110733 0 
0 0 0 0 0 0 0 0 0 0 
0 0 0 0 0 0 0 0 0 0 
0 0.0291285 0.0554057 0.0762594 0.0896482 0.0942617 0.0896482 0.0762594 0.0554057 0 
0 0.0554057 0.105388 0.145054 0.170521 0.179296 0.170521 0.145054 0.105388 0 
0 0.0762594 0.145054 0.19965 0.234702 0.24678 0.234702 0.19965 0.145054 0 
0 0.0896482 0.170521 0.234702 0.275909 0.290108 0.275909 0.234702 0.170521 0 
0 0.0942617 0.179296 0.24678 0.290108 0.305037 0.290108 0.24678 0.179296 0 
0 0.0896482 0.170521 0.234702 0.275909 0.290108 0.275909 0.234702 0.170521 0 
0 0.0762594 0.145054 0.19965 0.234702 0.24678 0.234702 0.19965 0.145054 0 
0 0.0554057 0.105388 0.145054 0.170521 0.179296 0.170521 0.145054 0.105388 0 
0 0 0 0 0 0 0 0 0 0 
0 0 0 0 0 0 0 0 0 0 
0 0.0277225 0.0527313 0.0725785 0.0853211 0.0897119 0.0853211 0.0725785 0.0527313 0 
0 0.0527313 0.100301 0.138052 0.16229 0.170642 0.16229 0.138052 0.100301 0 
0 0.0725785 0.138052 0.190013 0.223374 0.234869 0.223374 0.190013 0.138052 0 
0 0.0853211 0.16229 0.223374 0.262591 0.276105 0.262591 0.223374 0.16229 0 
0 0.0897119 0.170642 0.234869 0.276105 0.290314 0.276105 0.234869 0.170642 0 
0 0.0853211 0.16229 0.223374 0.262591 0.276105 0.262591 0.223374 0.16229 0 
0 0.0725785 0.138052 0.190013 0.223374 0.234869 0.223374 0.190013 0.138052 0 
0 0.0527313 0.100301 0.138052 0.16229 0.170642 0.16229 0.138052 0.100301 0 
0 0 0 0 0 0 0 0 0 0 
0 0 0 0 0 0 0 0 0 0 
0 0.0263844 0.0501861 0.0690753 0.0812028 0.0853817 0.0812028 0.0690753 0.0501861 0 
0 0.0501861 0.0954597 0.131389 0.154457 0.162406 0.154457 0.131389 0.0954597 0 
0 0.0690753 0.131389 0.180841 0.212592 0.223532 0.212592 0.180841 0.131389 0 
0 0.0812028 0.154457 0.212592 0.249917 0.262778 0.249917 0.212592 0.154457 0 
0 0.0853817 0.162406 0.223532 0.262778 0.276301 0.262778 0.223532 0.162406 0 
0 0.0812028 0.154457 0.212592 0.249917 0.262778 0.249917 0.212592 0.154457 0 
0 0.0690753 0.131389 0.180841 0.212592 0.223532 0.212592 0.180841 0.131389 0 
0 0.0501861 0.0954597 0.131389 0.154457 0.162406 0.154457 0.131389 0.0954597 0 
0 0 0 0 0 0 0 0 0 0 
0 0 0 0 0 0 0 0 0 0 
0 0.0251109 0.0477637 0.0657411 0.0772834 0.0812605 0.0772834 0.0657411 0.0477637 0 
0 0.0477637 0.090852 0.125047 0.147002 0.154567 0.147002 0.125047 0.090852 0 
0 0.0657411 0.125047 0.172113 0.20233 0.212743 0.20233 0.172113 0.125047 0 
0 0.0772834 0.147002 0.20233 0.237854 0.250094 0.237854 0.20233 0.147002 0 
0 0.0812605 0.154567 0.212743 0.250094 0.262965 0.250094 0.212743 0.154567 0 
0 0.0772834 0.147002 0.20233 0.237854 0.250094 0.237854 0.20233 0.147002 0 
0 0.0657411 0.125047 0.172113 0.20233 0.212743 0.20233 0.172113 0.125047 0 
0 0.0477637 0.090852 0.125047 0.147002 0.154567 0.147002 0.125047 0.090852 0 
0 0 0 0 0 0 0 0 0 0 
0 0 0 0 0 0 0 0 0 0 
0 0.0238988 0.0454583 0.062568 0.073553 0.0773382 0.073553 0.062568 0.0454583 0 
0 0.0454583 0.0864668 0.119011 0.139906 0.147106 0.139906 0.119011 0.0864668 0 
0 0.062568 0.119011 0.163805 0.192564 0.202474 0.192564 0.163805 0.119011 0 
0 0.073553 0.139906 0.192564 0.226373 0.238023 0.226373 0.192564 0.139906 0 
0 0.0773382 0.147106 0.202474 0.238023 0.250272 0.238023 0.202474 0.147106 0 
0 0.073553 0.139906 0.192564 0.226373 0.238023 0.226373 0.192564 0.139906 0 
0 0.062568 0.119011 0.163805 0.192564 0.202474 0.192564 0.163805 0.119011 0 
0 0.0454583 0.0864668 0.119011 0.139906 0.147106 0.139906 0.119011 0.0864668 0 
0 0 0 0 0 0 0 0 0 0 
0 0 0 0 0 0 0 0 0 0 
0 0.0227453 0.0432641 0.0595479 0.0700028 0.0736053 0.0700028 0.0595479 0.0432641 0 
0 0.0432641 0.0822932 0.113267 0.133153 0.140006 0.133153 0.113267 0.0822932 0 
0 0.0595479 0.113267 0.155899 0.18327 0.192701 0.18327 0.155899 0.113267 0 
0 0.0700028 0.133153 0.18327 0.215446 0.226534 0.215446 0.18327 0.133153 0 
0 0.0736053 0.140006 0.192701 0.226534 0.238192 0.226534 0.192701 0.140006 0 
0 0.0700028 0.133153 0.18327 0.215446 0.226534 0.215446 0.18327 0.133153 0 
0 0.0595479 0.113267 0.155899 0.18327 0.192701 0.18327 0.155899 0.113267 0 
0 0.0432641 0.0822932 0.113267 0.133153 0.140006 0.133153 0.113267 0.0822932 0 
0 0 0 0 0 0 0 0 0 0 
0 0 0 0 0 0 0 0 0 0 
0 0.0216474 0.0411758 0.0566737 0.0666239 0.0700525 0.0666239 0.0566737 0.0411758 0 
0 0.0411758 0.0783211 0.1078 0.126726 0.133248 0.126726 0.1078 0.0783211 0 
0 0.0566737 0.1078 0.148374 0.174424 0.1834 0.174424 0.148374 0.1078 0 
0 0.0666239 0.126726 0.174424 0.205047 0.215599 0.205047 0.174424 0.126726 0 
0 0.0700525 0.133248 0.1834 0.215599 0.226695 0.215599 0.1834 0.133248 0 
0 0.0666239 0.126726 0.174424 0.205047 0.215599 0.205047 0.174424 0.126726 0 
0 0.0566737 0.1078 0.148374 0.174424 0.1834 0.174424 0.148374 0.1078 0 
0 0.0411758 0.0783211 0.1078 0.126726 0.133248 0.126726 0.1078 0.0783211 0 
0 0 0 0 0 0 0 0 0 0 
0 0 0 0 0 0 0 0 0 0 
0 0.0206025 0.0391884 0.0539382 0.0634081 0.0666712 0.0634081 0.0539382 0.0391884 0 
0 0.0391884 0.0745407 0.102596 0.120609 0.126816 0.120609 0.102596 0.0745407 0 
0 0.0539382 0.102596 0.141212 0.166005 0.174548 0.166005 0.141212 0.102596 0 
0 0.0634081 0.120609 0.166005 0.19515 0.205193 0.19515 0.166005 0.120609 0 
0 0.0666712 0.126816 0.174548 0.205193 0.215753 0.205193 0.174548 0.126816 0 
0 0.0634081 0.120609 0.166005 0.19515 0.205193 0.19515 0.166005 0.120609 0 
0 0.0539382 0.102596 0.141212 0.166005 0.174548 0.166005 0.141212 0.102596 0 
0 0.0391884 0.0745407 0.102596 0.120609 0.126816 0.120609 0.102596 0.0745407 0 
0 0 0 0 0 0 0 0 0 0 
0 0 0 0 0 0 0 0 0 0 
0 0.0196081 0.0372968 0.0513347 0.0603475 0.0634531 0.0603475 0.0513347 0.0372968 0 
0 0.0372968 0.0709428 0.0976444 0.114788 0.120695 0.114788 0.0976444 0.0709428 0 
0 0.0513347 0.0976444 0.134396 0.157992 0.166123 0.157992 0.134396 0.0976444 0 
0 0.0603475 0.114788 0.157992 0.185731 0.195289 0.185731 0.157992 0.114788 0 
0 0.0634531 0.120695 0.166123 0.195289 0.205339 0.195289 0.166123 0.120695 0 
0 0.0603475 0.114788 0.157992 0.185731 0.195289 0.185731 0.157992 0.114788 0 
0 0.0513347 0.0976444 0.134396 0.157992 0.166123 0.157992 0.134396 0.0976444 0 
0 0.0372968 0.0709428 0.0976444 0.114788 0.120695 0.114788 0.0976444 0.0709428 0 
0 0 0 0 0 0 0 0 0 0 
0 0 0 0 0 0 0 0 0 0 
0 0.0186617 0.0354966 0.0488569 0.0574347 0.0603904 0.0574347 0.0488569 0.0354966 0 
0 0.0354966 0.0675185 0.0929313 0.109247 0.114869 0.109247 0.0929313 0.0675185 0 
0 0.0488569 0.0929313 0.127909 0.150366 0.158104 0.150366 0.127909 0.0929313 0 
0 0.0574347 0.109247 0.150366 0.176766 0.185863 0.176766 0.150366 0.109247 0 
0 0.0603904 0.114869 0.158104 0.185863 0.195427 0.185863 0.158104 0.114869 0 
0 0.0574347 0.109247 0.150366 0.176766 0.185863 0.176766 0.150366 0.109247 0 
0 0.0488569 0.0929313 0.127909 0.150366 0.158104 0.150366 0.127909 0.0929313 0 
0 0.0354966 0.0675185 0.0929313 0.109247 0.114869 0.109247 0.0929313 0.0675185 0 
0 0 0 0 0 0 0 0 0 0 
0 0 0 0 0 0 0 0 0 0 
0 0.0177609 0.0337832 0.0464986 0.0546624 0.0574755 0.0546624 0.0464986 0.0337832 0 
0 0.0337832 0.0642595 0.0884457 0.103974 0.109325 0.103974 0.0884457 0.0642595 0 
0 0.0464986 0.0884457 0.121735 0.143108 0.150473 0.143108 0.121735 0.0884457 0 
0 0.0546624 0.103974 0.143108 0.168234 0.176891 0.168234 0.143108 0.103974 0 
0 0.0574755 0.109325 0.150473 0.176891 0.185995 0.176891 0.150473 0.109325 0 
0 0.0546624 0.103974 0.143108 0.168234 0.176891 0.168234 0.143108 0.103974 0 
0 0.0464986 0.0884457 0.121735 0.143108 0.150473 0.143108 0.121735 0.0884457 0 
0 0.0337832 0.0642595 0.0884457 0.103974 0.109325 0.103974 0.0884457 0.0642595 0 
0 0 0 0 0 0 0 0 0 0 
0 0 0 0 0 0 0 0 0 0 
0 0.0169036 0.0321526 0.0442542 0.052024 0.0547013 0.052024 0.0442542 0.0321526 0 
0 0.0321526 0.0611579 0.0841766 0.0989555 0.104048 0.0989555 0.0841766 0.0611579 0 
0 0.0442542 0.0841766 0.115859 0.136201 0.14321 0.136201 0.115859 0.0841766 0 
0 0.052024 0.0989555 0.136201 0.160113 0.168353 0.160113 0.136201 0.0989555 0 
0 0.0547013 0.104048 0.14321 0.168353 0.177017 0.168353 0.14321 0.104048 0 
0 0.052024 0.0989555 0.136201 0.160113 0.168353 0.160113 0.136201 0.0989555 0 
0 0.0442542 0.0841766 0.115859 0.136201 0.14321 0.136201 0.115859 0.0841766 0 
0 0.0321526 0.0611579 0.0841766 0.0989555 0.104048 0.0989555 0.0841766 0.0611579 0 
0 0 0 0 0 0 0 0 0 0 
0 0 0 0 0 0 0 0 0 0 
0 0.0160877 0.0306007 0.0421182 0.0495129 0.0520609 0.0495129 0.0421182 0.0306007 0 
0 0.0306007 0.0582059 0.0801136 0.0941791 0.0990258 0.0941791 0.0801136 0.0582059 0 
0 0.0421182 0.0801136 0.110267 0.129626 0.136297 0.129626 0.110267 0.0801136 0 
0 0.0495129 0.0941791 0.129626 0.152385 0.160227 0.152385 0.129626 0.0941791 0 
0 0.0520609 0.0990258 0.136297 0.160227 0.168473 0.160227 0.136297 0.0990258 0 
0 0.0495129 0.0941791 0.129626 0.152385 0.160227 0.152385 0.129626 0.0941791 0 
0 0.0421182 0.0801136 0.110267 0.129626 0.136297 0.129626 0.110267 0.0801136 0 
0 0.0306007 0.0582059 0.0801136 0.0941791 0.0990258 0.0941791 0.0801136 0.0582059 0 
0 0 0 0 0 0 0 0 0 0 
0 0 0 0 0 0 0 0 0 0 
0 0.0153112 0.0291236 0.0400852 0.047123 0.0495481 0.047123 0.0400852 0.0291236 0 
0 0.0291236 0.0553964 0.0762466 0.0896333 0.094246 0.0896333 0.0762466 0.0553964 0 
0 0.0400852 0.0762466 0.104944 0.12337 0.129719 0.12337 0.104944 0.0762466 0 
0 0.047123 0.0896333 0.12337 0.14503 0.152493 0.14503 0.12337 0.0896333 0 
0 0.0495481 0.094246 0.129719 0.152493 0.160341 0.152493 0.129719 0.094246 0 
0 0.047123 0.0896333 0.12337 0.14503 0.152493 0.14503 0.12337 0.0896333 0 
0 0.0400852 0.0762466 0.104944 0.12337 0.129719 0.12337 0.104944 0.0762466 0 
0 0.0291236 0.0553964 0.0762466 0.0896333 0.094246 0.0896333 0.0762466 0.0553964 0 
0 0 0 0 0 0 0 0 0 0 
0 0 0 0 0 0 0 0 0 0 
0 0.0145722 0.0277179 0.0381504 0.0448485 0.0471565 0.0448485 0.0381504 0.0277179 0 
0 0.0277179 0.0527226 0.0725664 0.0853069 0.089697 0.0853069 0.0725664 0.0527226 0 
0 0.0381504 0.0725664 0.099879 0.117415 0.123457 0.117415 0.099879 0.0725664 0 
0 0.0448485 0.0853069 0.117415 0.138029 0.145133 0.138029 0.117415 0.0853069 0 
0 0.0471565 0.089697 0.123457 0.145133 0.152602 0.145133 0.123457 0.089697 0 
0 0.0448485 0.0853069 0.117415 0.138029 0.145133 0.138029 0.117415 0.0853069 0 
0 0.0381504 0.0725664 0.099879 0.117415 0.123457 0.117415 0.099879 0.0725664 0 
0 0.0277179 0.0527226 0.0725664 0.0853069 0.089697 0.0853069 0.0725664 0.0527226 0 
0 0 0 0 0 0 0 0 0 0 
0 0 0 0 0 0 0 0 0 0 
0 0.0138688 0.02638 0.036309 0.0426837 0.0448803 0.0426837 0.036309 0.02638 0 
0 0.02638 0.0501777 0.0690637 0.0811893 0.0853675 0.0811893 0.0690637 0.0501777 0 
0 0.036309 0.0690637 0.0950581 0.111747 0.117498 0.111747 0.0950581 0.0690637 0 
0 0.0426837 0.0811893 0.111747 0.131367 0.138127 0.131367 0.111747 0.0811893 0 
0 0.0448803 0.0853675 0.117498 0.138127 0.145236 0.138127 0.117498 0.0853675 0 
0 0.0426837 0.0811893 0.111747 0.131367 0.138127 0.131367 0.111747 0.0811893 0 
0 0.036309 0.0690637 0.0950581 0.111747 0.117498 0.111747 0.0950581 0.0690637 0 
0 0.02638 0.0501777 0.0690637 0.0811893 0.0853675 0.0811893 0.0690637 0.0501777 0 
0 0 0 0 0 0 0 0 0 0 
0 0 0 0 0 0 0 0 0 0 
0 0.0131994 0.0251067 0.0345564 0.0406235 0.0427141 0.0406235 0.0345564 0.0251067 0 
0 0.0251067 0.0477558 0.0657302 0.0772705 0.081247 0.0772705 0.0657302 0.0477558 0 
0 0.0345564 0.0657302 0.0904698 0.106354 0.111827 0.106354 0.0904698 0.0657302 0 
0 0.0406235 0.0772705 0.106354 0.125026 0.13146 0.125026 0.106354 0.0772705 0 
0 0.0427141 0.081247 0.111827 0.13146 0.138226 0.13146 0.111827 0.081247 0 
0 0.0406235 0.0772705 0.106354 0.125026 0.13146 0.125026 0.106354 0.0772705 0 
0 0.0345564 0.0657302 0.0904698 0.106354 0.111827 0.106354 0.0904698 0.0657302 0 
0 0.0251067 0.0477558 0.0657302 0.0772705 0.081247 0.0772705 0.0657302 0.0477558 0 
0 0 0 0 0 0 0 0 0 0 
0 0 0 0 0 0 0 0 0 0 
0 0.0125623 0.0238948 0.0328884 0.0386627 0.0406523 0.0386627 0.0328884 0.0238948 0 
0 0.0238948 0.0454507 0.0625575 0.0735408 0.0773254 0.0735408 0.0625575 0.0454507 0 
0 0.0328884 0.0625575 0.086103 0.10122 0.106429 0.10122 0.086103 0.0625575 0 
0 0.0386627 0.0735408 0.10122 0.118991 0.125115 0.118991 0.10122 0.0735408 0 
0 0.0406523 0.0773254 0.106429 0.125115 0.131554 0.125115 0.106429 0.0773254 0 
0 0.0386627 0.0735408 0.10122 0.118991 0.125115 0.118991 0.10122 0.0735408 0 
0 0.0328884 0.0625575 0.086103 0.10122 0.106429 0.10122 0.086103 0.0625575 0 
0 0.0238948 0.0454507 0.0625575 0.0735408 0.0773254 0.0735408 0.0625575 0.0454507 0 
0 0 0 0 0 0 0 0 0 0 
0 0 0 0 0 0 0 0 0 0 
0 0.0119559 0.0227415 0.031301 0.0367965 0.0386901 0.0367965 0.031301 0.0227415 0 
0 0.0227415 0.0432569 0.059538 0.0699911 0.073593 0.0699911 0.059538 0.0432569 0 
0 0.031301 0.059538 0.081947 0.0963345 0.101292 0.0963345 0.081947 0.059538 0 
0 0.0367965 0.0699911 0.0963345 0.113248 0.119076 0.113248 0.0963345 0.0699911 0 
0 0.0386901 0.073593 0.101292 0.119076 0.125204 0.119076 0.101292 0.073593 0 
0 0.0367965 0.0699911 0.0963345 0.113248 0.119076 0.113248 0.0963345 0.0699911 0 
0 0.031301 0.059538 0.081947 0.0963345 0.101292 0.0963345 0.081947 0.059538 0 
0 0.0227415 0.0432569 0.059538 0.0699911 0.073593 0.0699911 0.059538 0.0432569 0 
0 0 0 0 0 0 0 0 0 0 
0 0 0 0 0 0 0 0 0 0 
0 0.0113788 0.0216438 0.0297901 0.0350204 0.0368226 0.0350204 0.0297901 0.0216438 0 
0 0.0216438 0.041169 0.0566642 0.0666128 0.0700408 0.0666128 0.0566642 0.041169 0 
0 0.0297901 0.0566642 0.0779916 0.0916847 0.0964029 0.0916847 0.0779916 0.0566642 0 
0 0.0350204 0.0666128 0.0916847 0.107782 0.113328 0.107782 0.0916847 0.0666128 0 
0 0.0368226 0.0700408 0.0964029 0.113328 0.119161 0.113328 0.0964029 0.0700408 0 
0 0.0350204 0.0666128 0.0916847 0.107782 0.113328 0.107782 0.0916847 0.0666128 0 
0 0.0297901 0.0566642 0.0779916 0.0916847 0.0964029 0.0916847 0.0779916 0.0566642 0 
0 0.0216438 0.041169 0.0566642 0.0666128 0.0700408 0.0666128 0.0566642 0.041169 0 
0 0 0 0 0 0 0 0 0 0 
0 0 0 0 0 0 0 0 0 0 
0 0.0108296 0.0205991 0.0283522 0.0333301 0.0350453 0.0333301 0.0283522 0.0205991 0 
0 0.0205991 0.0391818 0.0539292 0.0633975 0.0666601 0.0633975 0.0539292 0.0391818 0 
0 0.0283522 0.0539292 0.0742271 0.0872592 0.0917498 0.0872592 0.0742271 0.0539292 0 
0 0.0333301 0.0633975 0.0872592 0.102579 0.107858 0.102579 0.0872592 0.0633975 0 
0 0.0350453 0.0666601 0.0917498 0.107858 0.113409 0.107858 0.0917498 0.0666601 0 
0 0.0333301 0.0633975 0.0872592 0.102579 0.107858 0.102579 0.0872592 0.0633975 0 
0 0.0283522 0.0539292 0.0742271 0.0872592 0.0917498 0.0872592 0.0742271 0.0539292 0 
0 0.0205991 0.0391818 0.0539292 0.0633975 0.0666601 0.0633975 0.0539292 0.0391818 0 
0 0 0 0 0 0 0 0 0 0 
0 0 0 0 0 0 0 0 0 0 
0 0.0103069 0.0196048 0.0269837 0.0317213 0.0333537 0.0317213 0.0269837 0.0196048 0 
0 0.0196048 0.0372906 0.0513261 0.0603375 0.0634426 0.0603375 0.0513261 0.0372906 0 
0 0.0269837 0.0513261 0.0706443 0.0830474 0.0873212 0.0830474 0.0706443 0.0513261 0 
0 0.0317213 0.0603375 0.0830474 0.0976281 0.102652 0.0976281 0.0830474 0.0603375 0 
0 0.0333537 0.0634426 0.0873212 0.102652 0.107935 0.102652 0.0873212 0.0634426 0 
0 0.0317213 0.0603375 0.0830474 0.0976281 0.102652 0.0976281 0.0830474 0.0603375 0 
0 0.0269837 0.0513261 0.0706443 0.0830474 0.0873212 0.0830474 0.0706443 0.0513261 0 
0 0.0196048 0.0372906 0.0513261 0.0603375 0.0634426 0.0603375 0.0513261 0.0372906 0 
0 0 0 0 0 0 0 0 0 0 
0 0 0 0 0 0 0 0 0 0 
0 0.00980938 0.0186585 0.0256813 0.0301902 0.0317438 0.0301902 0.0256813 0.0186585 0 
0 0.0186585 0.0354907 0.0488487 0.0574251 0.0603803 0.0574251 0.0488487 0.0354907 0 
0 0.0256813 0.0488487 0.0672345 0.0790389 0.0831064 0.0790389 0.0672345 0.0488487 0 
0 0.0301902 0.0574251 0.0790389 0.0929158 0.0976974 0.0929158 0.0790389 0.0574251 0 
0 0.0317438 0.0603803 0.0831064 0.0976974 0.102725 0.0976974 0.0831064 0.0603803 0 
0 0.0301902 0.0574251 0.0790389 0.0929158 0.0976974 0.0929158 0.0790389 0.0574251 0 
0 0.0256813 0.0488487 0.0672345 0.0790389 0.0831064 0.0790389 0.0672345 0.0488487 0 
0 0.0186585 0.0354907 0.0488487 0.0574251 0.0603803 0.0574251 0.0488487 0.0354907 0 
0 0 0 0 0 0 0 0 0 0 
0 0 0 0 0 0 0 0 0 0 
0 0.0093359 0.0177579 0.0244417 0.0287329 0.0302116 0.0287329 0.0244417 0.0177579 0 
0 0.0177579 0.0337776 0.0464909 0.0546533 0.0574659 0.0546533 0.0464909 0.0337776 0 
0 0.0244417 0.0464909 0.0639892 0.0752238 0.079095 0.0752238 0.0639892 0.0464909 0 
0 0.0287329 0.0546533 0.0752238 0.0884309 0.0929818 0.0884309 0.0752238 0.0546533 0 
0 0.0302116 0.0574659 0.079095 0.0929818 0.0977668 0.0929818 0.079095 0.0574659 0 
0 0.0287329 0.0546533 0.0752238 0.0884309 0.0929818 0.0884309 0.0752238 0.0546533 0 
0 0.0244417 0.0464909 0.0639892 0.0752238 0.079095 0.0752238 0.0639892 0.0464909 0 
0 0.0177579 0.0337776 0.0464909 0.0546533 0.0574659 0.0546533 0.0464909 0.0337776 0 
0 0 0 0 0 0 0 0 0 0 
0 0 0 0 0 0 0 0 0 0 
0 0.00888528 0.0169008 0.023262 0.0273461 0.0287534 0.0273461 0.023262 0.0169008 0 
0 0.0169008 0.0321472 0.0442469 0.0520153 0.0546921 0.0520153 0.0442469 0.0321472 0 
0 0.023262 0.0442469 0.0609006 0.0715929 0.0752773 0.0715929 0.0609006 0.0442469 0 
0 0.0273461 0.0520153 0.0715929 0.0841625 0.0884937 0.0841625 0.0715929 0.0520153 0 
0 0.0287534 0.0546921 0.0752773 0.0884937 0.0930478 0.0884937 0.0752773 0.0546921 0 
0 0.0273461 0.0520153 0.0715929 0.0841625 0.0884937 0.0841625 0.0715929 0.0520153 0 
0 0.023262 0.0442469 0.0609006 0.0715929 0.0752773 0.0715929 0.0609006 0.0442469 0 
0 0.0169008 0.0321472 0.0442469 0.0520153 0.0546921 0.0520153 0.0442469 0.0321472 0 
0 0 0 0 0 0 0 0 0 0 
0 0 0 0 0 0 0 0 0 0 
0 0.0084564 0.016085 0.0221392 0.0260261 0.0273655 0.0260261 0.0221392 0.016085 0 
0 0.016085 0.0305956 0.0421112 0.0495046 0.0520523 0.0495046 0.0421112 0.0305956 0 
0 0.0221392 0.0421112 0.057961 0.0681373 0.0716438 0.0681373 0.057961 0.0421112 0 
0 0.0260261 0.0495046 0.0681373 0.0801002 0.0842223 0.0801002 0.0681373 0.0495046 0 
0 0.0273655 0.0520523 0.0716438 0.0842223 0.0885566 0.0842223 0.0716438 0.0520523 0 
0 0.0260261 0.0495046 0.0681373 0.0801002 0.0842223 0.0801002 0.0681373 0.0495046 0 
0 0.0221392 0.0421112 0.057961 0.0681373 0.0716438 0.0681373 0.057961 0.0421112 0 
0 0.016085 0.0305956 0.0421112 0.0495046 0.0520523 0.0495046 0.0421112 0.0305956 0 
0 0 0 0 0 0 0 0 0 0 
0 0 0 0 0 0 0 0 0 0 
0 0.00804823 0.0153086 0.0210705 0.0247699 0.0260446 0.0247699 0.0210705 0.0153086 0 
0 0.0153086 0.0291188 0.0400785 0.0471152 0.0495398 0.0471152 0.0400785 0.0291188 0 
0 0.0210705 0.0400785 0.0551634 0.0648485 0.0681857 0.0648485 0.0551634 0.0400785 0 
0 0.0247699 0.0471152 0.0648485 0.0762339 0.0801571 0.0762339 0.0648485 0.0471152 0 
0 0.0260446 0.0495398 0.0681857 0.0801571 0.0842822 0.0801571 0.0681857 0.0495398 0 
0 0.0247699 0.0471152 0.0648485 0.0762339 0.0801571 0.0762339 0.0648485 0.0471152 0 
0 0.0210705 0.0400785 0.0551634 0.0648485 0.0681857 0.0648485 0.0551634 0.0400785 0 
0 0.0153086 0.0291188 0.0400785 0.0471152 0.0495398 0.0471152 0.0400785 0.0291188 0 
0 0 0 0 0 0 0 0 0 0 
0 0 0 0 0 0 0 0 0 0 
0 0.00765976 0.0145697 0.0200535 0.0235743 0.0247875 0.0235743 0.0200535 0.0145697 0 
0 0.0145697 0.0277133 0.038144 0.044841 0.0471486 0.044841 0.038144 0.0277133 0 
0 0.0200535 0.038144 0.0525008 0.0617184 0.0648945 0.0617184 0.0525008 0.038144 0 
0 0.0235743 0.044841 0.0617184 0.0725543 0.0762881 0.0725543 0.0617184 0.044841 0 
0 0.0247875 0.0471486 0.0648945 0.0762881 0.080214 0.0762881 0.0648945 0.0471486 0 
0 0.0235743 0.044841 0.0617184 0.0725543 0.0762881 0.0725543 0.0617184 0.044841 0 
0 0.0200535 0.038144 0.0525008 0.0617184 0.0648945 0.0617184 0.0525008 0.038144 0 
0 0.0145697 0.0277133 0.038144 0.044841 0.0471486 0.044841 0.038144 0.0277133 0 
0 0 0 0 0 0 0 0 0 0 
0 0 0 0 0 0 0 0 0 0 
0 0.00729004 0.0138665 0.0190856 0.0224364 0.0235911 0.0224364 0.0190856 0.0138665 0 
0 0.0138665 0.0263756 0.0363029 0.0426766 0.0448729 0.0426766 0.0363029 0.0263756 0 
0 0.0190856 0.0363029 0.0499667 0.0587393 0.0617622 0.0587393 0.0499667 0.0363029 0 
0 0.0224364 0.0426766 0.0587393 0.0690522 0.0726058 0.0690522 0.0587393 0.0426766 0 
0 0.0235911 0.0448729 0.0617622 0.0726058 0.0763423 0.0726058 0.0617622 0.0448729 0 
0 0.0224364 0.0426766 0.0587393 0.0690522 0.0726058 0.0690522 0.0587393 0.0426766 0 
0 0.0190856 0.0363029 0.0499667 0.0587393 0.0617622 0.0587393 0.0499667 0.0363029 0 
0 0.0138665 0.0263756 0.0363029 0.0426766 0.0448729 0.0426766 0.0363029 0.0263756 0 
0 0 0 0 0 0 0 0 0 0 
0 0 0 0 0 0 0 0 0 0 
0 0.00693816 0.0131972 0.0181643 0.0213535 0.0224524 0.0213535 0.0181643 0.0131972 0 
0 0.0131972 0.0251025 0.0345506 0.0406167 0.0427069 0.0406167 0.0345506 0.0251025 0 
0 0.0181643 0.0345506 0.0475549 0.0559041 0.0587811 0.0559041 0.0475549 0.0345506 0 
0 0.0213535 0.0406167 0.0559041 0.0657192 0.0691013 0.0657192 0.0559041 0.0406167 0 
0 0.0224524 0.0427069 0.0587811 0.0691013 0.0726574 0.0691013 0.0587811 0.0427069 0 
0 0.0213535 0.0406167 0.0559041 0.0657192 0.0691013 0.0657192 0.0559041 0.0406167 0 
0 0.0181643 0.0345506 0.0475549 0.0559041 0.0587811 0.0559041 0.0475549 0.0345506 0 
0 0.0131972 0.0251025 0.0345506 0.0406167 0.0427069 0.0406167 0.0345506 0.0251025 0 
0 0 0 0 0 0 0 0 0 0 
0 0 0 0 0 0 0 0 0 0 
0 0.00660327 0.0125602 0.0172876 0.0203228 0.0213686 0.0203228 0.0172876 0.0125602 0 
0 0.0125602 0.0238909 0.032883 0.0386562 0.0406456 0.0386562 0.032883 0.0238909 0 
0 0.0172876 0.032883 0.0452595 0.0532057 0.0559438 0.0532057 0.0452595 0.032883 0 
0 0.0203228 0.0386562 0.0532057 0.0625471 0.0657659 0.0625471 0.0532057 0.0386562 0 
0 0.0213686 0.0406456 0.0559438 0.0657659 0.0691504 0.0657659 0.0559438 0.0406456 0 
0 0.0203228 0.0386562 0.0532057 0.0625471 0.0657659 0.0625471 0.0532057 0.0386562 0 
0 0.0172876 0.032883 0.0452595 0.0532057 0.0559438 0.0532057 0.0452595 0.032883 0 
0 0.0125602 0.0238909 0.032883 0.0386562 0.0406456 0.0386562 0.032883 0.0238909 0 
0 0 0 0 0 0 0 0 0 0 
0 0 0 0 0 0 0 0 0 0 
0 0.00628455 0.0119539 0.0164532 0.0193418 0.0203372 0.0193418 0.0164532 0.0119539 0 
0 0.0119539 0.0227377 0.0312958 0.0367904 0.0386837 0.0367904 0.0312958 0.0227377 0 
0 0.0164532 0.0312958 0.0430749 0.0506376 0.0532435 0.0506376 0.0430749 0.0312958 0 
0 0.0193418 0.0367904 0.0506376 0.0595281 0.0625915 0.0595281 0.0506376 0.0367904 0 
0 0.0203372 0.0386837 0.0532435 0.0625915 0.0658126 0.0625915 0.0532435 0.0386837 0 
0 0.0193418 0.0367904 0.0506376 0.0595281 0.0625915 0.0595281 0.0506376 0.0367904 0 
0 0.0164532 0.0312958 0.0430749 0.0506376 0.0532435 0.0506376 0.0430749 0.0312958 0 
0 0.0119539 0.0227377 0.0312958 0.0367904 0.0386837 0.0367904 0.0312958 0.0227377 0 
0 0 0 0 0 0 0 0 0 0 
0 0 0 0 0 0 0 0 0 0 
0 0.0059812 0.0113769 0.015659 0.0184083 0.0193556 0.0184083 0.015659 0.0113769 0 
0 0.0113769 0.0216402 0.0297852 0.0350146 0.0368165 0.0350146 0.0297852 0.0216402 0 
0 0.015659 0.0297852 0.0409958 0.0481934 0.0506736 0.0481934 0.0409958 0.0297852 0 
0 0.0184083 0.0350146 0.0481934 0.0566548 0.0595704 0.0566548 0.0481934 0.0350146 0 
0 0.0193556 0.0368165 0.0506736 0.0595704 0.062636 0.0595704 0.0506736 0.0368165 0 
0 0.0184083 0.0350146 0.0481934 0.0566548 0.0595704 0.0566548 0.0481934 0.0350146 0 
0 0.015659 0.0297852 0.0409958 0.0481934 0.0506736 0.0481934 0.0409958 0.0297852 0 
0 0.0113769 0.0216402 0.0297852 0.0350146 0.0368165 0.0350146 0.0297852 0.0216402 0 
0 0 0 0 0 0 0 0 0 0 
0 0 0 0 0 0 0 0 0 0 
0 0.0056925 0.0108278 0.0149032 0.0175197 0.0184213 0.0175197 0.0149032 0.0108278 0 
0 0.0108278 0.0205957 0.0283475 0.0333245 0.0350395 0.0333245 0.0283475 0.0205957 0 
0 0.0149032 0.0283475 0.039017 0.0458672 0.0482277 0.0458672 0.039017 0.0283475 0 
0 0.0175197 0.0333245 0.0458672 0.0539202 0.056695 0.0539202 0.0458672 0.0333245 0 
0 0.0184213 0.0350395 0.0482277 0.056695 0.0596127 0.056695 0.0482277 0.0350395 0 
0 0.0175197 0.0333245 0.0458672 0.0539202 0.056695 0.0539202 0.0458672 0.0333245 0 
0 0.0149032 0.0283475 0.039017 0.0458672 0.0482277 0.0458672 0.039017 0.0283475 0 
0 0.0108278 0.0205957 0.0283475 0.0333245 0.0350395 0.0333245 0.0283475 0.0205957 0 
0 0 0 0 0 0 0 0 0 0 
0 0 0 0 0 0 0 0 0 0 
0 0.00541774 0.0103052 0.0141838 0.0166741 0.0175322 0.0166741 0.0141838 0.0103052 0 
0 0.0103052 0.0196016 0.0269792 0.031716 0.0333482 0.031716 0.0269792 0.0196016 0 
0 0.0141838 0.0269792 0.0371337 0.0436533 0.0458998 0.0436533 0.0371337 0.0269792 0 
0 0.0166741 0.031716 0.0436533 0.0513176 0.0539585 0.0513176 0.0436533 0.031716 0 
0 0.0175322 0.0333482 0.0458998 0.0539585 0.0567353 0.0539585 0.0458998 0.0333482 0 
0 0.0166741 0.031716 0.0436533 0.0513176 0.0539585 0.0513176 0.0436533 0.031716 0 
0 0.0141838 0.0269792 0.0371337 0.0436533 0.0458998 0.0436533 0.0371337 0.0269792 0 
