0 0 0 0 0 0 0 0 0 0 
0 0.116978 0.219846 0.296198 0.336824 0.336824 0.296198 0.219846 0.116978 0 
0 0.219846 0.413176 0.55667 0.633022 0.633022 0.55667 0.413176 0.219846 0 
0 0.296198 0.55667 0.75 0.852869 0.852869 0.75 0.55667 0.296198 0 
0 0.336824 0.633022 0.852869 0.969846 0.969846 0.852869 0.633022 0.336824 0 
0 0.336824 0.633022 0.852869 0.969846 0.969846 0.852869 0.633022 0.336824 0 
0 0.296198 0.55667 0.75 0.852869 0.852869 0.75 0.55667 0.296198 0 
0 0.219846 0.413176 0.55667 0.633022 0.633022 0.55667 0.413176 0.219846 0 
0 0.116978 0.219846 0.296198 0.336824 0.336824 0.296198 0.219846 0.116978 0 
0 0 0 0 0 0 0 0 0 0 
0 0 0 0 0 0 0 0 0 0 
0 0.139378 0.257537 0.336488 0.364212 0.336488 0.257537 0.139378 4.46031e-17 0 
0 0.257537 0.475866 0.621749 0.672976 0.621749 0.475866 0.257537 8.24158e-17 0 
0 0.336488 0.621749 0.812354 0.879286 0.812354 0.621749 0.336488 1.07681e-16 0 
0 0.364212 0.672976 0.879286 0.951732 0.879286 0.672976 0.364212 1.16554e-16 0 
0 0.336488 0.621749 0.812354 0.879286 0.812354 0.621749 0.336488 1.07681e-16 0 
0 0.257537 0.475866 0.621749 0.672976 0.621749 0.475866 0.257537 8.24158e-17 0 
0 0.139378 0.257537 0.336488 0.364212 0.336488 0.257537 0.139378 4.46031e-17 0 
0 4.46031e-17 8.24158e-17 1.07681e-16 1.16554e-16 1.07681e-16 8.24158e-17 4.46031e-17 1.42737e-32 0 
0 0 0 0 0 0 0 0 0 0 
0 0 0 0 0 0 0 0 0 0 
0 0.13265 0.245106 0.320247 0.346632 0.320247 0.245106 0.13265 4.24502e-17 0 
0 0.245106 0.452897 0.591738 0.640493 0.591738 0.452897 0.245106 7.84378e-17 0 
0 0.320247 0.591738 0.773144 0.836845 0.773144 0.591738 0.320247 1.02484e-16 0 
0 0.346632 0.640493 0.836845 0.905794 0.836845 0.640493 0.346632 1.10928e-16 0 
0 0.320247 0.591738 0.773144 0.836845 0.773144 0.591738 0.320247 1.02484e-16 0 
0 0.245106 0.452897 0.591738 0.640493 0.591738 0.452897 0.245106 7.84378e-17 0 
0 0.13265 0.245106 0.320247 0.346632 0.320247 0.245106 0.13265 4.24502e-17 0 
0 4.24502e-17 7.84378e-17 1.02484e-16 1.10928e-16 1.02484e-16 7.84378e-17 4.24502e-17 1.35847e-32 0 
0 0 0 0 0 0 0 0 0 0 
0 0 0 0 0 0 0 0 0 0 
0 0.126248 0.233275 0.304789 0.329901 0.304789 0.233275 0.126248 4.04012e-17 0 
0 0.233275 0.431037 0.563176 0.609578 0.563176 0.431037 0.233275 7.46518e-17 0 
0 0.304789 0.563176 0.735825 0.796452 0.735825 0.563176 0.304789 9.75372e-17 0 
0 0.329901 0.609578 0.796452 0.862073 0.796452 0.609578 0.329901 1.05574e-16 0 
0 0.304789 0.563176 0.735825 0.796452 0.735825 0.563176 0.304789 9.75372e-17 0 
0 0.233275 0.431037 0.563176 0.609578 0.563176 0.431037 0.233275 7.46518e-17 0 
0 0.126248 0.233275 0.304789 0.329901 0.304789 0.233275 0.126248 4.04012e-17 0 
0 4.04012e-17 7.46518e-17 9.75372e-17 1.05574e-16 9.75372e-17 7.46518e-17 4.04012e-17 1.2929e-32 0 
0 0 0 0 0 0 0 0 0 0 
0 0 0 0 0 0 0 0 0 0 
0 0.120154 0.222016 0.290077 0.313977 0.290077 0.222016 0.120154 3.84512e-17 0 
0 0.222016 0.410231 0.535993 0.580155 0.535993 0.410231 0.222016 7.10485e-17 0 
0 0.290077 0.535993 0.700309 0.758009 0.700309 0.535993 0.290077 9.28293e-17 0 
0 0.313977 0.580155 0.758009 0.820463 0.758009 0.580155 0.313977 1.00478e-16 0 
0 0.290077 0.535993 0.700309 0.758009 0.700309 0.535993 0.290077 9.28293e-17 0 
0 0.222016 0.410231 0.535993 0.580155 0.535993 0.410231 0.222016 7.10485e-17 0 
0 0.120154 0.222016 0.290077 0.313977 0.290077 0.222016 0.120154 3.84512e-17 0 
0 3.84512e-17 7.10485e-17 9.28293e-17 1.00478e-16 9.28293e-17 7.10485e-17 3.84512e-17 1.2305e-32 0 
0 0 0 0 0 0 0 0 0 0 
0 0 0 0 0 0 0 0 0 0 
0 0.114354 0.211299 0.276076 0.298822 0.276076 0.211299 0.114354 3.65952e-17 0 
0 0.211299 0.39043 0.510122 0.552152 0.510122 0.39043 0.211299 6.76191e-17 0 
0 0.276076 0.510122 0.666506 0.721421 0.666506 0.510122 0.276076 8.83486e-17 0 
0 0.298822 0.552152 0.721421 0.780861 0.721421 0.552152 0.298822 9.56279e-17 0 
0 0.276076 0.510122 0.666506 0.721421 0.666506 0.510122 0.276076 8.83486e-17 0 
0 0.211299 0.39043 0.510122 0.552152 0.510122 0.39043 0.211299 6.76191e-17 0 
0 0.114354 0.211299 0.276076 0.298822 0.276076 0.211299 0.114354 3.65952e-17 0 
0 3.65952e-17 6.76191e-17 8.83486e-17 9.56279e-17 8.83486e-17 6.76191e-17 3.65952e-17 1.1711e-32 0 
0 0 0 0 0 0 0 0 0 0 
0 0 0 0 0 0 0 0 0 0 
0 0.108835 0.2011 0.26275 0.284399 0.26275 0.2011 0.108835 3.48288e-17 0 
0 0.2011 0.371585 0.485499 0.525501 0.485499 0.371585 0.2011 6.43553e-17 0 
0 0.26275 0.485499 0.634335 0.6866 0.634335 0.485499 0.26275 8.40842e-17 0 
0 0.284399 0.525501 0.6866 0.74317 0.6866 0.525501 0.284399 9.10121e-17 0 
0 0.26275 0.485499 0.634335 0.6866 0.634335 0.485499 0.26275 8.40842e-17 0 
0 0.2011 0.371585 0.485499 0.525501 0.485499 0.371585 0.2011 6.43553e-17 0 
0 0.108835 0.2011 0.26275 0.284399 0.26275 0.2011 0.108835 3.48288e-17 0 
0 3.48288e-17 6.43553e-17 8.40842e-17 9.10121e-17 8.40842e-17 6.43553e-17 3.48288e-17 1.11458e-32 0 
0 0 0 0 0 0 0 0 0 0 
0 0 0 0 0 0 0 0 0 0 
0 0.103582 0.191394 0.250068 0.270672 0.250068 0.191394 0.103582 3.31477e-17 0 
0 0.191394 0.353649 0.462065 0.500136 0.462065 0.353649 0.191394 6.1249e-17 0 
0 0.250068 0.462065 0.603717 0.653459 0.603717 0.462065 0.250068 8.00256e-17 0 
0 0.270672 0.500136 0.653459 0.707299 0.653459 0.500136 0.270672 8.66191e-17 0 
0 0.250068 0.462065 0.603717 0.653459 0.603717 0.462065 0.250068 8.00256e-17 0 
0 0.191394 0.353649 0.462065 0.500136 0.462065 0.353649 0.191394 6.1249e-17 0 
0 0.103582 0.191394 0.250068 0.270672 0.250068 0.191394 0.103582 3.31477e-17 0 
0 3.31477e-17 6.1249e-17 8.00256e-17 8.66191e-17 8.00256e-17 6.1249e-17 3.31477e-17 1.06078e-32 0 
0 0 0 0 0 0 0 0 0 0 
0 0 0 0 0 0 0 0 0 0 
0 0.0985819 0.182156 0.237998 0.257607 0.237998 0.182156 0.0985819 3.15477e-17 0 
0 0.182156 0.33658 0.439762 0.475995 0.439762 0.33658 0.182156 5.82926e-17 0 
0 0.237998 0.439762 0.574577 0.621918 0.574577 0.439762 0.237998 7.6163e-17 0 
0 0.257607 0.475995 0.621918 0.673159 0.621918 0.475995 0.257607 8.24382e-17 0 
0 0.237998 0.439762 0.574577 0.621918 0.574577 0.439762 0.237998 7.6163e-17 0 
0 0.182156 0.33658 0.439762 0.475995 0.439762 0.33658 0.182156 5.82926e-17 0 
0 0.0985819 0.182156 0.237998 0.257607 0.237998 0.182156 0.0985819 3.15477e-17 0 
0 3.15477e-17 5.82926e-17 7.6163e-17 8.24382e-17 7.6163e-17 5.82926e-17 3.15477e-17 1.00958e-32 0 
0 0 0 0 0 0 0 0 0 0 
0 0 0 0 0 0 0 0 0 0 
0 0.0938235 0.173363 0.22651 0.245173 0.22651 0.173363 0.0938235 3.0025e-17 0 
0 0.173363 0.320334 0.418536 0.45302 0.418536 0.320334 0.173363 5.5479e-17 0 
0 0.22651 0.418536 0.546844 0.591899 0.546844 0.418536 0.22651 7.24867e-17 0 
0 0.245173 0.45302 0.591899 0.640667 0.591899 0.45302 0.245173 7.84591e-17 0 
0 0.22651 0.418536 0.546844 0.591899 0.546844 0.418536 0.22651 7.24867e-17 0 
0 0.173363 0.320334 0.418536 0.45302 0.418536 0.320334 0.173363 5.5479e-17 0 
0 0.0938235 0.173363 0.22651 0.245173 0.22651 0.173363 0.0938235 3.0025e-17 0 
0 3.0025e-17 5.5479e-17 7.24867e-17 7.84591e-17 7.24867e-17 5.5479e-17 3.0025e-17 9.60847e-33 0 
0 0 0 0 0 0 0 0 0 0 
0 0 0 0 0 0 0 0 0 0 
0 0.0892949 0.164995 0.215577 0.233339 0.215577 0.164995 0.0892949 2.85758e-17 0 
0 0.164995 0.304872 0.398334 0.431154 0.398334 0.304872 0.164995 5.28011e-17 0 
0 0.215577 0.398334 0.520449 0.563329 0.520449 0.398334 0.215577 6.8988e-17 0 
0 0.233339 0.431154 0.563329 0.609743 0.563329 0.431154 0.233339 7.4672e-17 0 
0 0.215577 0.398334 0.520449 0.563329 0.520449 0.398334 0.215577 6.8988e-17 0 
0 0.164995 0.304872 0.398334 0.431154 0.398334 0.304872 0.164995 5.28011e-17 0 
0 0.0892949 0.164995 0.215577 0.233339 0.215577 0.164995 0.0892949 2.85758e-17 0 
0 2.85758e-17 5.28011e-17 6.8988e-17 7.4672e-17 6.8988e-17 5.28011e-17 2.85758e-17 9.14469e-33 0 
0 0 0 0 0 0 0 0 0 0 
0 0 0 0 0 0 0 0 0 0 
0 0.0849848 0.157031 0.205171 0.222076 0.205171 0.157031 0.0849848 2.71965e-17 0 
0 0.157031 0.290156 0.379107 0.410343 0.379107 0.290156 0.157031 5.02525e-17 0 
0 0.205171 0.379107 0.495328 0.536139 0.495328 0.379107 0.205171 6.56581e-17 0 
0 0.222076 0.410343 0.536139 0.580312 0.536139 0.410343 0.222076 7.10678e-17 0 
0 0.205171 0.379107 0.495328 0.536139 0.495328 0.379107 0.205171 6.56581e-17 0 
0 0.157031 0.290156 0.379107 0.410343 0.379107 0.290156 0.157031 5.02525e-17 0 
0 0.0849848 0.157031 0.205171 0.222076 0.205171 0.157031 0.0849848 2.71965e-17 0 
0 2.71965e-17 5.02525e-17 6.56581e-17 7.10678e-17 6.56581e-17 5.02525e-17 2.71965e-17 8.70329e-33 0 
0 0 0 0 0 0 0 0 0 0 
0 0 0 0 0 0 0 0 0 0 
0 0.0808827 0.149452 0.195268 0.211357 0.195268 0.149452 0.0808827 2.58837e-17 0 
0 0.149452 0.276151 0.360809 0.390536 0.360809 0.276151 0.149452 4.78269e-17 0 
0 0.195268 0.360809 0.471419 0.51026 0.471419 0.360809 0.195268 6.24889e-17 0 
0 0.211357 0.390536 0.51026 0.552302 0.51026 0.390536 0.211357 6.76375e-17 0 
0 0.195268 0.360809 0.471419 0.51026 0.471419 0.360809 0.195268 6.24889e-17 0 
0 0.149452 0.276151 0.360809 0.390536 0.360809 0.276151 0.149452 4.78269e-17 0 
0 0.0808827 0.149452 0.195268 0.211357 0.195268 0.149452 0.0808827 2.58837e-17 0 
0 2.58837e-17 4.78269e-17 6.24889e-17 6.76375e-17 6.24889e-17 4.78269e-17 2.58837e-17 8.2832e-33 0 
0 0 0 0 0 0 0 0 0 0 
0 0 0 0 0 0 0 0 0 0 
0 0.0769787 0.142238 0.185843 0.201155 0.185843 0.142238 0.0769787 2.46344e-17 0 
0 0.142238 0.262822 0.343393 0.371686 0.343393 0.262822 0.142238 4.55184e-17 0 
0 0.185843 0.343393 0.448665 0.485631 0.448665 0.343393 0.185843 5.94727e-17 0 
0 0.201155 0.371686 0.485631 0.525643 0.485631 0.371686 0.201155 6.43728e-17 0 
0 0.185843 0.343393 0.448665 0.485631 0.448665 0.343393 0.185843 5.94727e-17 0 
0 0.142238 0.262822 0.343393 0.371686 0.343393 0.262822 0.142238 4.55184e-17 0 
0 0.0769787 0.142238 0.185843 0.201155 0.185843 0.142238 0.0769787 2.46344e-17 0 
0 2.46344e-17 4.55184e-17 5.94727e-17 6.43728e-17 5.94727e-17 4.55184e-17 2.46344e-17 7.88339e-33 0 
0 0 0 0 0 0 0 0 0 0 
0 0 0 0 0 0 0 0 0 0 
0 0.0732631 0.135373 0.176873 0.191446 0.176873 0.135373 0.0732631 2.34453e-17 0 
0 0.135373 0.250136 0.326818 0.353746 0.326818 0.250136 0.135373 4.33213e-17 0 
0 0.176873 0.326818 0.427009 0.462191 0.427009 0.326818 0.176873 5.66021e-17 0 
0 0.191446 0.353746 0.462191 0.500272 0.462191 0.353746 0.191446 6.12656e-17 0 
0 0.176873 0.326818 0.427009 0.462191 0.427009 0.326818 0.176873 5.66021e-17 0 
0 0.135373 0.250136 0.326818 0.353746 0.326818 0.250136 0.135373 4.33213e-17 0 
0 0.0732631 0.135373 0.176873 0.191446 0.176873 0.135373 0.0732631 2.34453e-17 0 
0 2.34453e-17 4.33213e-17 5.66021e-17 6.12656e-17 5.66021e-17 4.33213e-17 2.34453e-17 7.50287e-33 0 
0 0 0 0 0 0 0 0 0 0 
0 0 0 0 0 0 0 0 0 0 
0 0.0697268 0.128838 0.168335 0.182205 0.168335 0.128838 0.0697268 2.23137e-17 0 
0 0.128838 0.238062 0.311043 0.336671 0.311043 0.238062 0.128838 4.12303e-17 0 
0 0.168335 0.311043 0.406398 0.439882 0.406398 0.311043 0.168335 5.387e-17 0 
0 0.182205 0.336671 0.439882 0.476125 0.439882 0.336671 0.182205 5.83085e-17 0 
0 0.168335 0.311043 0.406398 0.439882 0.406398 0.311043 0.168335 5.387e-17 0 
0 0.128838 0.238062 0.311043 0.336671 0.311043 0.238062 0.128838 4.12303e-17 0 
0 0.0697268 0.128838 0.168335 0.182205 0.168335 0.128838 0.0697268 2.23137e-17 0 
0 2.23137e-17 4.12303e-17 5.387e-17 5.83085e-17 5.387e-17 4.12303e-17 2.23137e-17 7.14073e-33 0 
0 0 0 0 0 0 0 0 0 0 
0 0 0 0 0 0 0 0 0 0 
0 0.0663613 0.12262 0.16021 0.17341 0.16021 0.12262 0.0663613 2.12366e-17 0 
0 0.12262 0.226572 0.29603 0.320421 0.29603 0.226572 0.12262 3.92402e-17 0 
0 0.16021 0.29603 0.386782 0.41865 0.386782 0.29603 0.16021 5.12698e-17 0 
0 0.17341 0.320421 0.41865 0.453143 0.41865 0.320421 0.17341 5.5494e-17 0 
0 0.16021 0.29603 0.386782 0.41865 0.386782 0.29603 0.16021 5.12698e-17 0 
0 0.12262 0.226572 0.29603 0.320421 0.29603 0.226572 0.12262 3.92402e-17 0 
0 0.0663613 0.12262 0.16021 0.17341 0.16021 0.12262 0.0663613 2.12366e-17 0 
0 2.12366e-17 3.92402e-17 5.12698e-17 5.5494e-17 5.12698e-17 3.92402e-17 2.12366e-17 6.79606e-33 0 
0 0 0 0 0 0 0 0 0 0 
0 0 0 0 0 0 0 0 0 0 
0 0.0631582 0.116701 0.152477 0.16504 0.152477 0.116701 0.0631582 2.02116e-17 0 
0 0.116701 0.215635 0.281741 0.304955 0.281741 0.215635 0.116701 3.73462e-17 0 
0 0.152477 0.281741 0.368113 0.398442 0.368113 0.281741 0.152477 4.87951e-17 0 
0 0.16504 0.304955 0.398442 0.431271 0.398442 0.304955 0.16504 5.28154e-17 0 
0 0.152477 0.281741 0.368113 0.398442 0.368113 0.281741 0.152477 4.87951e-17 0 
0 0.116701 0.215635 0.281741 0.304955 0.281741 0.215635 0.116701 3.73462e-17 0 
0 0.0631582 0.116701 0.152477 0.16504 0.152477 0.116701 0.0631582 2.02116e-17 0 
0 2.02116e-17 3.73462e-17 4.87951e-17 5.28154e-17 4.87951e-17 3.73462e-17 2.02116e-17 6.46803e-33 0 
0 0 0 0 0 0 0 0 0 0 
0 0 0 0 0 0 0 0 0 0 
0 0.0601096 0.111068 0.145118 0.157074 0.145118 0.111068 0.0601096 1.9236e-17 0 
0 0.111068 0.205227 0.268142 0.290235 0.268142 0.205227 0.111068 3.55435e-17 0 
0 0.145118 0.268142 0.350345 0.37921 0.350345 0.268142 0.145118 4.64399e-17 0 
0 0.157074 0.290235 0.37921 0.410454 0.37921 0.290235 0.157074 5.02662e-17 0 
0 0.145118 0.268142 0.350345 0.37921 0.350345 0.268142 0.145118 4.64399e-17 0 
0 0.111068 0.205227 0.268142 0.290235 0.268142 0.205227 0.111068 3.55435e-17 0 
0 0.0601096 0.111068 0.145118 0.157074 0.145118 0.111068 0.0601096 1.9236e-17 0 
0 1.9236e-17 3.55435e-17 4.64399e-17 5.02662e-17 4.64399e-17 3.55435e-17 1.9236e-17 6.15583e-33 0 
0 0 0 0 0 0 0 0 0 0 
0 0 0 0 0 0 0 0 0 0 
0 0.0572083 0.105707 0.138113 0.149492 0.138113 0.105707 0.0572083 1.83075e-17 0 
0 0.105707 0.195321 0.2552 0.276226 0.2552 0.195321 0.105707 3.38279e-17 0 
0 0.138113 0.2552 0.333434 0.360907 0.333434 0.2552 0.138113 4.41983e-17 0 
0 0.149492 0.276226 0.360907 0.390643 0.360907 0.276226 0.149492 4.78399e-17 0 
0 0.138113 0.2552 0.333434 0.360907 0.333434 0.2552 0.138113 4.41983e-17 0 
0 0.105707 0.195321 0.2552 0.276226 0.2552 0.195321 0.105707 3.38279e-17 0 
0 0.0572083 0.105707 0.138113 0.149492 0.138113 0.105707 0.0572083 1.83075e-17 0 
0 1.83075e-17 3.38279e-17 4.41983e-17 4.78399e-17 4.41983e-17 3.38279e-17 1.83075e-17 5.8587e-33 0 
0 0 0 0 0 0 0 0 0 0 
0 0 0 0 0 0 0 0 0 0 
0 0.054447 0.100605 0.131447 0.142277 0.131447 0.100605 0.054447 1.74239e-17 0 
0 0.100605 0.185894 0.242882 0.262893 0.242882 0.185894 0.100605 3.21951e-17 0 
0 0.131447 0.242882 0.31734 0.343486 0.31734 0.242882 0.131447 4.2065e-17 0 
0 0.142277 0.262893 0.343486 0.371787 0.343486 0.262893 0.142277 4.55308e-17 0 
0 0.131447 0.242882 0.31734 0.343486 0.31734 0.242882 0.131447 4.2065e-17 0 
0 0.100605 0.185894 0.242882 0.262893 0.242882 0.185894 0.100605 3.21951e-17 0 
0 0.054447 0.100605 0.131447 0.142277 0.131447 0.100605 0.054447 1.74239e-17 0 
0 1.74239e-17 3.21951e-17 4.2065e-17 4.55308e-17 4.2065e-17 3.21951e-17 1.74239e-17 5.57591e-33 0 
0 0 0 0 0 0 0 0 0 0 
0 0 0 0 0 0 0 0 0 0 
0 0.0518189 0.0957489 0.125102 0.135409 0.125102 0.0957489 0.0518189 1.65829e-17 0 
0 0.0957489 0.176921 0.231158 0.250204 0.231158 0.176921 0.0957489 3.06411e-17 0 
0 0.125102 0.231158 0.302023 0.326907 0.302023 0.231158 0.125102 4.00346e-17 0 
0 0.135409 0.250204 0.326907 0.353842 0.326907 0.250204 0.135409 4.33331e-17 0 
0 0.125102 0.231158 0.302023 0.326907 0.302023 0.231158 0.125102 4.00346e-17 0 
0 0.0957489 0.176921 0.231158 0.250204 0.231158 0.176921 0.0957489 3.06411e-17 0 
0 0.0518189 0.0957489 0.125102 0.135409 0.125102 0.0957489 0.0518189 1.65829e-17 0 
0 1.65829e-17 3.06411e-17 4.00346e-17 4.33331e-17 4.00346e-17 3.06411e-17 1.65829e-17 5.30678e-33 0 
0 0 0 0 0 0 0 0 0 0 
0 0 0 0 0 0 0 0 0 0 
0 0.0493177 0.0911273 0.119064 0.128873 0.119064 0.0911273 0.0493177 1.57824e-17 0 
0 0.0911273 0.168381 0.220001 0.238127 0.220001 0.168381 0.0911273 2.91622e-17 0 
0 0.119064 0.220001 0.287445 0.311128 0.287445 0.220001 0.119064 3.81022e-17 0 
0 0.128873 0.238127 0.311128 0.336762 0.311128 0.238127 0.128873 4.12415e-17 0 
0 0.119064 0.220001 0.287445 0.311128 0.287445 0.220001 0.119064 3.81022e-17 0 
0 0.0911273 0.168381 0.220001 0.238127 0.220001 0.168381 0.0911273 2.91622e-17 0 
0 0.0493177 0.0911273 0.119064 0.128873 0.119064 0.0911273 0.0493177 1.57824e-17 0 
0 1.57824e-17 2.91622e-17 3.81022e-17 4.12415e-17 3.81022e-17 2.91622e-17 1.57824e-17 5.05063e-33 0 
0 0 0 0 0 0 0 0 0 0 
0 0 0 0 0 0 0 0 0 0 
0 0.0469373 0.0867287 0.113317 0.122653 0.113317 0.0867287 0.0469373 1.50207e-17 0 
0 0.0867287 0.160254 0.209382 0.226633 0.209382 0.160254 0.0867287 2.77546e-17 0 
0 0.113317 0.209382 0.27357 0.29611 0.27357 0.209382 0.113317 3.62631e-17 0 
0 0.122653 0.226633 0.29611 0.320508 0.29611 0.226633 0.122653 3.92509e-17 0 
0 0.113317 0.209382 0.27357 0.29611 0.27357 0.209382 0.113317 3.62631e-17 0 
0 0.0867287 0.160254 0.209382 0.226633 0.209382 0.160254 0.0867287 2.77546e-17 0 
0 0.0469373 0.0867287 0.113317 0.122653 0.113317 0.0867287 0.0469373 1.50207e-17 0 
0 1.50207e-17 2.77546e-17 3.62631e-17 3.92509e-17 3.62631e-17 2.77546e-17 1.50207e-17 4.80684e-33 0 
0 0 0 0 0 0 0 0 0 0 
0 0 0 0 0 0 0 0 0 0 
0 0.0446717 0.0825425 0.107847 0.116733 0.107847 0.0825425 0.0446717 1.42956e-17 0 
0 0.0825425 0.152519 0.199275 0.215694 0.199275 0.152519 0.0825425 2.64149e-17 0 
0 0.107847 0.199275 0.260366 0.281818 0.260366 0.199275 0.107847 3.45127e-17 0 
0 0.116733 0.215694 0.281818 0.305037 0.281818 0.215694 0.116733 3.73563e-17 0 
0 0.107847 0.199275 0.260366 0.281818 0.260366 0.199275 0.107847 3.45127e-17 0 
0 0.0825425 0.152519 0.199275 0.215694 0.199275 0.152519 0.0825425 2.64149e-17 0 
0 0.0446717 0.0825425 0.107847 0.116733 0.107847 0.0825425 0.0446717 1.42956e-17 0 
0 1.42956e-17 2.64149e-17 3.45127e-17 3.73563e-17 3.45127e-17 2.64149e-17 1.42956e-17 4.57483e-33 0 
0 0 0 0 0 0 0 0 0 0 
0 0 0 0 0 0 0 0 0 0 
0 0.0425155 0.0785584 0.102641 0.111098 0.102641 0.0785584 0.0425155 1.36056e-17 0 
0 0.0785584 0.145157 0.189657 0.205283 0.189657 0.145157 0.0785584 2.51399e-17 0 
0 0.102641 0.189657 0.247798 0.268215 0.247798 0.189657 0.102641 3.28469e-17 0 
0 0.111098 0.205283 0.268215 0.290314 0.268215 0.205283 0.111098 3.55532e-17 0 
0 0.102641 0.189657 0.247798 0.268215 0.247798 0.189657 0.102641 3.28469e-17 0 
0 0.0785584 0.145157 0.189657 0.205283 0.189657 0.145157 0.0785584 2.51399e-17 0 
0 0.0425155 0.0785584 0.102641 0.111098 0.102641 0.0785584 0.0425155 1.36056e-17 0 
0 1.36056e-17 2.51399e-17 3.28469e-17 3.55532e-17 3.28469e-17 2.51399e-17 1.36056e-17 4.35401e-33 0 
0 0 0 0 0 0 0 0 0 0 
0 0 0 0 0 0 0 0 0 0 
0 0.0404634 0.0747665 0.0976872 0.105736 0.0976872 0.0747665 0.0404634 1.29489e-17 0 
0 0.0747665 0.138151 0.180502 0.195374 0.180502 0.138151 0.0747665 2.39265e-17 0 
0 0.0976872 0.180502 0.235838 0.255269 0.235838 0.180502 0.0976872 3.12614e-17 0 
0 0.105736 0.195374 0.255269 0.276301 0.255269 0.195374 0.105736 3.38371e-17 0 
0 0.0976872 0.180502 0.235838 0.255269 0.235838 0.180502 0.0976872 3.12614e-17 0 
0 0.0747665 0.138151 0.180502 0.195374 0.180502 0.138151 0.0747665 2.39265e-17 0 
0 0.0404634 0.0747665 0.0976872 0.105736 0.0976872 0.0747665 0.0404634 1.29489e-17 0 
0 1.29489e-17 2.39265e-17 3.12614e-17 3.38371e-17 3.12614e-17 2.39265e-17 1.29489e-17 4.14385e-33 0 
0 0 0 0 0 0 0 0 0 0 
0 0 0 0 0 0 0 0 0 0 
0 0.0385103 0.0711577 0.092972 0.100632 0.092972 0.0711577 0.0385103 1.23239e-17 0 
0 0.0711577 0.131482 0.17179 0.185944 0.17179 0.131482 0.0711577 2.27716e-17 0 
0 0.092972 0.17179 0.224454 0.242948 0.224454 0.17179 0.092972 2.97525e-17 0 
0 0.100632 0.185944 0.242948 0.262965 0.242948 0.185944 0.100632 3.22039e-17 0 
0 0.092972 0.17179 0.224454 0.242948 0.224454 0.17179 0.092972 2.97525e-17 0 
0 0.0711577 0.131482 0.17179 0.185944 0.17179 0.131482 0.0711577 2.27716e-17 0 
0 0.0385103 0.0711577 0.092972 0.100632 0.092972 0.0711577 0.0385103 1.23239e-17 0 
0 1.23239e-17 2.27716e-17 2.97525e-17 3.22039e-17 2.97525e-17 2.27716e-17 1.23239e-17 3.94384e-33 0 
0 0 0 0 0 0 0 0 0 0 
0 0 0 0 0 0 0 0 0 0 
0 0.0366515 0.0677231 0.0884845 0.0957749 0.0884845 0.0677231 0.0366515 1.1729e-17 0 
0 0.0677231 0.125136 0.163498 0.176969 0.163498 0.125136 0.0677231 2.16724e-17 0 
0 0.0884845 0.163498 0.21362 0.231221 0.21362 0.163498 0.0884845 2.83164e-17 0 
0 0.0957749 0.176969 0.231221 0.250272 0.231221 0.176969 0.0957749 3.06495e-17 0 
0 0.0884845 0.163498 0.21362 0.231221 0.21362 0.163498 0.0884845 2.83164e-17 0 
0 0.0677231 0.125136 0.163498 0.176969 0.163498 0.125136 0.0677231 2.16724e-17 0 
0 0.0366515 0.0677231 0.0884845 0.0957749 0.0884845 0.0677231 0.0366515 1.1729e-17 0 
0 1.1729e-17 2.16724e-17 2.83164e-17 3.06495e-17 2.83164e-17 2.16724e-17 1.1729e-17 3.75348e-33 0 
0 0 0 0 0 0 0 0 0 0 
0 0 0 0 0 0 0 0 0 0 
0 0.0348824 0.0644542 0.0842135 0.091152 0.0842135 0.0644542 0.0348824 1.11629e-17 0 
0 0.0644542 0.119096 0.155606 0.168427 0.155606 0.119096 0.0644542 2.06264e-17 0 
0 0.0842135 0.155606 0.203309 0.22006 0.203309 0.155606 0.0842135 2.69496e-17 0 
0 0.091152 0.168427 0.22006 0.238192 0.22006 0.168427 0.091152 2.91701e-17 0 
0 0.0842135 0.155606 0.203309 0.22006 0.203309 0.155606 0.0842135 2.69496e-17 0 
0 0.0644542 0.119096 0.155606 0.168427 0.155606 0.119096 0.0644542 2.06264e-17 0 
0 0.0348824 0.0644542 0.0842135 0.091152 0.0842135 0.0644542 0.0348824 1.11629e-17 0 
0 1.11629e-17 2.06264e-17 2.69496e-17 2.91701e-17 2.69496e-17 2.06264e-17 1.11629e-17 3.5723e-33 0 
0 0 0 0 0 0 0 0 0 0 
0 0 0 0 0 0 0 0 0 0 
0 0.0331987 0.0613431 0.0801487 0.0867523 0.0801487 0.0613431 0.0331987 1.06241e-17 0 
0 0.0613431 0.113347 0.148095 0.160297 0.148095 0.113347 0.0613431 1.96308e-17 0 
0 0.0801487 0.148095 0.193496 0.209439 0.193496 0.148095 0.0801487 2.56488e-17 0 
0 0.0867523 0.160297 0.209439 0.226695 0.209439 0.160297 0.0867523 2.77621e-17 0 
0 0.0801487 0.148095 0.193496 0.209439 0.193496 0.148095 0.0801487 2.56488e-17 0 
0 0.0613431 0.113347 0.148095 0.160297 0.148095 0.113347 0.0613431 1.96308e-17 0 
0 0.0331987 0.0613431 0.0801487 0.0867523 0.0801487 0.0613431 0.0331987 1.06241e-17 0 
0 1.06241e-17 1.96308e-17 2.56488e-17 2.77621e-17 2.56488e-17 1.96308e-17 1.06241e-17 3.39988e-33 0 
0 0 0 0 0 0 0 0 0 0 
0 0 0 0 0 0 0 0 0 0 
0 0.0315962 0.0583822 0.0762801 0.082565 0.0762801 0.0583822 0.0315962 1.01113e-17 0 
0 0.0583822 0.107876 0.140947 0.15256 0.140947 0.107876 0.0583822 1.86832e-17 0 
0 0.0762801 0.140947 0.184156 0.199329 0.184156 0.140947 0.0762801 2.44108e-17 0 
0 0.082565 0.15256 0.199329 0.215753 0.199329 0.15256 0.082565 2.64221e-17 0 
0 0.0762801 0.140947 0.184156 0.199329 0.184156 0.140947 0.0762801 2.44108e-17 0 
0 0.0583822 0.107876 0.140947 0.15256 0.140947 0.107876 0.0583822 1.86832e-17 0 
0 0.0315962 0.0583822 0.0762801 0.082565 0.0762801 0.0583822 0.0315962 1.01113e-17 0 
0 1.01113e-17 1.86832e-17 2.44108e-17 2.64221e-17 2.44108e-17 1.86832e-17 1.01113e-17 3.23577e-33 0 
0 0 0 0 0 0 0 0 0 0 
0 0 0 0 0 0 0 0 0 0 
0 0.0300712 0.0555643 0.0725982 0.0785797 0.0725982 0.0555643 0.0300712 9.62324e-18 0 
0 0.0555643 0.102669 0.134144 0.145196 0.134144 0.102669 0.0555643 1.77814e-17 0 
0 0.0725982 0.134144 0.175268 0.189708 0.175268 0.134144 0.0725982 2.32326e-17 0 
0 0.0785797 0.145196 0.189708 0.205339 0.189708 0.145196 0.0785797 2.51467e-17 0 
0 0.0725982 0.134144 0.175268 0.189708 0.175268 0.134144 0.0725982 2.32326e-17 0 
0 0.0555643 0.102669 0.134144 0.145196 0.134144 0.102669 0.0555643 1.77814e-17 0 
0 0.0300712 0.0555643 0.0725982 0.0785797 0.0725982 0.0555643 0.0300712 9.62324e-18 0 
0 9.62324e-18 1.77814e-17 2.32326e-17 2.51467e-17 2.32326e-17 1.77814e-17 9.62324e-18 3.07959e-33 0 
0 0 0 0 0 0 0 0 0 0 
0 0 0 0 0 0 0 0 0 0 
0 0.0286197 0.0528823 0.069094 0.0747868 0.069094 0.0528823 0.0286197 9.15875e-18 0 
0 0.0528823 0.0977137 0.127669 0.138188 0.127669 0.0977137 0.0528823 1.69232e-17 0 
0 0.069094 0.127669 0.166808 0.180551 0.166808 0.127669 0.069094 2.21112e-17 0 
0 0.0747868 0.138188 0.180551 0.195427 0.180551 0.138188 0.0747868 2.3933e-17 0 
0 0.069094 0.127669 0.166808 0.180551 0.166808 0.127669 0.069094 2.21112e-17 0 
0 0.0528823 0.0977137 0.127669 0.138188 0.127669 0.0977137 0.0528823 1.69232e-17 0 
0 0.0286197 0.0528823 0.069094 0.0747868 0.069094 0.0528823 0.0286197 9.15875e-18 0 
0 9.15875e-18 1.69232e-17 2.21112e-17 2.3933e-17 2.21112e-17 1.69232e-17 9.15875e-18 2.93094e-33 0 
0 0 0 0 0 0 0 0 0 0 
0 0 0 0 0 0 0 0 0 0 
0 0.0272383 0.0503298 0.065759 0.071177 0.065759 0.0503298 0.0272383 8.71667e-18 0 
0 0.0503298 0.0929973 0.121507 0.131518 0.121507 0.0929973 0.0503298 1.61063e-17 0 
0 0.065759 0.121507 0.158756 0.171837 0.158756 0.121507 0.065759 2.10439e-17 0 
0 0.071177 0.131518 0.171837 0.185995 0.171837 0.131518 0.071177 2.27778e-17 0 
0 0.065759 0.121507 0.158756 0.171837 0.158756 0.121507 0.065759 2.10439e-17 0 
0 0.0503298 0.0929973 0.121507 0.131518 0.121507 0.0929973 0.0503298 1.61063e-17 0 
0 0.0272383 0.0503298 0.065759 0.071177 0.065759 0.0503298 0.0272383 8.71667e-18 0 
0 8.71667e-18 1.61063e-17 2.10439e-17 2.27778e-17 2.10439e-17 1.61063e-17 8.71667e-18 2.78947e-33 0 
0 0 0 0 0 0 0 0 0 0 
0 0 0 0 0 0 0 0 0 0 
0 0.0259235 0.0479005 0.062585 0.0677415 0.062585 0.0479005 0.0259235 8.29594e-18 0 
0 0.0479005 0.0885085 0.115642 0.12517 0.115642 0.0885085 0.0479005 1.53289e-17 0 
0 0.062585 0.115642 0.151093 0.163542 0.151093 0.115642 0.062585 2.00282e-17 0 
0 0.0677415 0.12517 0.163542 0.177017 0.163542 0.12517 0.0677415 2.16783e-17 0 
0 0.062585 0.115642 0.151093 0.163542 0.151093 0.115642 0.062585 2.00282e-17 0 
0 0.0479005 0.0885085 0.115642 0.12517 0.115642 0.0885085 0.0479005 1.53289e-17 0 
0 0.0259235 0.0479005 0.062585 0.0677415 0.062585 0.0479005 0.0259235 8.29594e-18 0 
0 8.29594e-18 1.53289e-17 2.00282e-17 2.16783e-17 2.00282e-17 1.53289e-17 8.29594e-18 2.65483e-33 0 
0 0 0 0 0 0 0 0 0 0 
0 0 0 0 0 0 0 0 0 0 
0 0.0246723 0.0455884 0.0595641 0.0644717 0.0595641 0.0455884 0.0246723 7.89551e-18 0 
0 0.0455884 0.0842364 0.11006 0.119128 0.11006 0.0842364 0.0455884 1.4589e-17 0 
0 0.0595641 0.11006 0.1438 0.155649 0.1438 0.11006 0.0595641 1.90614e-17 0 
0 0.0644717 0.119128 0.155649 0.168473 0.155649 0.119128 0.0644717 2.0632e-17 0 
0 0.0595641 0.11006 0.1438 0.155649 0.1438 0.11006 0.0595641 1.90614e-17 0 
0 0.0455884 0.0842364 0.11006 0.119128 0.11006 0.0842364 0.0455884 1.4589e-17 0 
0 0.0246723 0.0455884 0.0595641 0.0644717 0.0595641 0.0455884 0.0246723 7.89551e-18 0 
0 7.89551e-18 1.4589e-17 1.90614e-17 2.0632e-17 1.90614e-17 1.4589e-17 7.89551e-18 2.52669e-33 0 
0 0 0 0 0 0 0 0 0 0 
0 0 0 0 0 0 0 0 0 0 
0 0.0234814 0.0433879 0.0566891 0.0613598 0.0566891 0.0433879 0.0234814 7.51441e-18 0 
0 0.0433879 0.0801705 0.104748 0.113378 0.104748 0.0801705 0.0433879 1.38848e-17 0 
0 0.0566891 0.104748 0.13686 0.148136 0.13686 0.104748 0.0566891 1.81414e-17 0 
0 0.0613598 0.113378 0.148136 0.160341 0.148136 0.113378 0.0613598 1.96361e-17 0 
0 0.0566891 0.104748 0.13686 0.148136 0.13686 0.104748 0.0566891 1.81414e-17 0 
0 0.0433879 0.0801705 0.104748 0.113378 0.104748 0.0801705 0.0433879 1.38848e-17 0 
0 0.0234814 0.0433879 0.0566891 0.0613598 0.0566891 0.0433879 0.0234814 7.51441e-18 0 
0 7.51441e-18 1.38848e-17 1.81414e-17 1.96361e-17 1.81414e-17 1.38848e-17 7.51441e-18 2.40473e-33 0 
0 0 0 0 0 0 0 0 0 0 
0 0 0 0 0 0 0 0 0 0 
0 0.022348 0.0412937 0.0539528 0.0583981 0.0539528 0.0412937 0.022348 7.15171e-18 0 
0 0.0412937 0.0763008 0.0996918 0.107906 0.0996918 0.0763008 0.0412937 1.32146e-17 0 
0 0.0539528 0.0996918 0.130254 0.140985 0.130254 0.0996918 0.0539528 1.72657e-17 0 
0 0.0583981 0.107906 0.140985 0.152602 0.140985 0.107906 0.0583981 1.86883e-17 0 
0 0.0539528 0.0996918 0.130254 0.140985 0.130254 0.0996918 0.0539528 1.72657e-17 0 
0 0.0412937 0.0763008 0.0996918 0.107906 0.0996918 0.0763008 0.0412937 1.32146e-17 0 
0 0.022348 0.0412937 0.0539528 0.0583981 0.0539528 0.0412937 0.022348 7.15171e-18 0 
0 7.15171e-18 1.32146e-17 1.72657e-17 1.86883e-17 1.72657e-17 1.32146e-17 7.15171e-18 2.28866e-33 0 
0 0 0 0 0 0 0 0 0 0 
0 0 0 0 0 0 0 0 0 0 
0 0.0212693 0.0393005 0.0513486 0.0555794 0.0513486 0.0393005 0.0212693 6.80651e-18 0 
0 0.0393005 0.0726179 0.0948799 0.102697 0.0948799 0.0726179 0.0393005 1.25768e-17 0 
0 0.0513486 0.0948799 0.123967 0.13418 0.123967 0.0948799 0.0513486 1.64324e-17 0 
0 0.0555794 0.102697 0.13418 0.145236 0.13418 0.102697 0.0555794 1.77863e-17 0 
0 0.0513486 0.0948799 0.123967 0.13418 0.123967 0.0948799 0.0513486 1.64324e-17 0 
0 0.0393005 0.0726179 0.0948799 0.102697 0.0948799 0.0726179 0.0393005 1.25768e-17 0 
0 0.0212693 0.0393005 0.0513486 0.0555794 0.0513486 0.0393005 0.0212693 6.80651e-18 0 
0 6.80651e-18 1.25768e-17 1.64324e-17 1.77863e-17 1.64324e-17 1.25768e-17 6.80651e-18 2.17819e-33 0 
0 0 0 0 0 0 0 0 0 0 
0 0 0 0 0 0 0 0 0 0 
0 0.0202427 0.0374036 0.0488701 0.0528967 0.0488701 0.0374036 0.0202427 6.47797e-18 0 
0 0.0374036 0.0691128 0.0903002 0.0977403 0.0903002 0.0691128 0.0374036 1.19697e-17 0 
0 0.0488701 0.0903002 0.117983 0.127704 0.117983 0.0903002 0.0488701 1.56392e-17 0 
0 0.0528967 0.0977403 0.127704 0.138226 0.127704 0.0977403 0.0528967 1.69278e-17 0 
0 0.0488701 0.0903002 0.117983 0.127704 0.117983 0.0903002 0.0488701 1.56392e-17 0 
0 0.0374036 0.0691128 0.0903002 0.0977403 0.0903002 0.0691128 0.0374036 1.19697e-17 0 
0 0.0202427 0.0374036 0.0488701 0.0528967 0.0488701 0.0374036 0.0202427 6.47797e-18 0 
0 6.47797e-18 1.19697e-17 1.56392e-17 1.69278e-17 1.56392e-17 1.19697e-17 6.47797e-18 2.07305e-33 0 
0 0 0 0 0 0 0 0 0 0 
0 0 0 0 0 0 0 0 0 0 
0 0.0192656 0.0355982 0.0465113 0.0503434 0.0465113 0.0355982 0.0192656 6.16529e-18 0 
0 0.0355982 0.0657769 0.0859416 0.0930226 0.0859416 0.0657769 0.0355982 1.1392e-17 0 
0 0.0465113 0.0859416 0.112288 0.12154 0.112288 0.0859416 0.0465113 1.48843e-17 0 
0 0.0503434 0.0930226 0.12154 0.131554 0.12154 0.0930226 0.0503434 1.61107e-17 0 
0 0.0465113 0.0859416 0.112288 0.12154 0.112288 0.0859416 0.0465113 1.48843e-17 0 
0 0.0355982 0.0657769 0.0859416 0.0930226 0.0859416 0.0657769 0.0355982 1.1392e-17 0 
0 0.0192656 0.0355982 0.0465113 0.0503434 0.0465113 0.0355982 0.0192656 6.16529e-18 0 
0 6.16529e-18 1.1392e-17 1.48843e-17 1.61107e-17 1.48843e-17 1.1392e-17 6.16529e-18 1.97299e-33 0 
0 0 0 0 0 0 0 0 0 0 
0 0 0 0 0 0 0 0 0 0 
0 0.0183357 0.0338799 0.0442663 0.0479135 0.0442663 0.0338799 0.0183357 5.86771e-18 0 
0 0.0338799 0.062602 0.0817934 0.0885325 0.0817934 0.062602 0.0338799 1.08421e-17 0 
0 0.0442663 0.0817934 0.106868 0.115673 0.106868 0.0817934 0.0442663 1.41659e-17 0 
0 0.0479135 0.0885325 0.115673 0.125204 0.115673 0.0885325 0.0479135 1.53331e-17 0 
0 0.0442663 0.0817934 0.106868 0.115673 0.106868 0.0817934 0.0442663 1.41659e-17 0 
0 0.0338799 0.062602 0.0817934 0.0885325 0.0817934 0.062602 0.0338799 1.08421e-17 0 
0 0.0183357 0.0338799 0.0442663 0.0479135 0.0442663 0.0338799 0.0183357 5.86771e-18 0 
0 5.86771e-18 1.08421e-17 1.41659e-17 1.53331e-17 1.41659e-17 1.08421e-17 5.86771e-18 1.87776e-33 0 
0 0 0 0 0 0 0 0 0 0 
0 0 0 0 0 0 0 0 0 0 
0 0.0174507 0.0322446 0.0421296 0.0456008 0.0421296 0.0322446 0.0174507 5.58449e-18 0 
0 0.0322446 0.0595803 0.0778454 0.0842593 0.0778454 0.0595803 0.0322446 1.03188e-17 0 
0 0.0421296 0.0778454 0.10171 0.11009 0.10171 0.0778454 0.0421296 1.34821e-17 0 
0 0.0456008 0.0842593 0.11009 0.119161 0.11009 0.0842593 0.0456008 1.4593e-17 0 
0 0.0421296 0.0778454 0.10171 0.11009 0.10171 0.0778454 0.0421296 1.34821e-17 0 
0 0.0322446 0.0595803 0.0778454 0.0842593 0.0778454 0.0595803 0.0322446 1.03188e-17 0 
0 0.0174507 0.0322446 0.0421296 0.0456008 0.0421296 0.0322446 0.0174507 5.58449e-18 0 
0 5.58449e-18 1.03188e-17 1.34821e-17 1.4593e-17 1.34821e-17 1.03188e-17 5.58449e-18 1.78712e-33 0 
0 0 0 0 0 0 0 0 0 0 
0 0 0 0 0 0 0 0 0 0 
0 0.0166084 0.0306882 0.0400961 0.0433997 0.0400961 0.0306882 0.0166084 5.31493e-18 0 
0 0.0306882 0.0567045 0.074088 0.0801922 0.074088 0.0567045 0.0306882 9.82072e-18 0 
0 0.0400961 0.074088 0.0968006 0.104776 0.0968006 0.074088 0.0400961 1.28314e-17 0 
0 0.0433997 0.0801922 0.104776 0.113409 0.104776 0.0801922 0.0433997 1.38886e-17 0 
0 0.0400961 0.074088 0.0968006 0.104776 0.0968006 0.074088 0.0400961 1.28314e-17 0 
0 0.0306882 0.0567045 0.074088 0.0801922 0.074088 0.0567045 0.0306882 9.82072e-18 0 
0 0.0166084 0.0306882 0.0400961 0.0433997 0.0400961 0.0306882 0.0166084 5.31493e-18 0 
0 5.31493e-18 9.82072e-18 1.28314e-17 1.38886e-17 1.28314e-17 9.82072e-18 5.31493e-18 1.70086e-33 0 
0 0 0 0 0 0 0 0 0 0 
0 0 0 0 0 0 0 0 0 0 
0 0.0158067 0.029207 0.0381608 0.0413049 0.0381608 0.029207 0.0158067 5.05839e-18 0 
0 0.029207 0.0539675 0.0705119 0.0763215 0.0705119 0.0539675 0.029207 9.34669e-18 0 
0 0.0381608 0.0705119 0.0921282 0.0997189 0.0921282 0.0705119 0.0381608 1.2212e-17 0 
0 0.0413049 0.0763215 0.0997189 0.107935 0.0997189 0.0763215 0.0413049 1.32182e-17 0 
0 0.0381608 0.0705119 0.0921282 0.0997189 0.0921282 0.0705119 0.0381608 1.2212e-17 0 
0 0.029207 0.0539675 0.0705119 0.0763215 0.0705119 0.0539675 0.029207 9.34669e-18 0 
0 0.0158067 0.029207 0.0381608 0.0413049 0.0381608 0.029207 0.0158067 5.05839e-18 0 
0 5.05839e-18 9.34669e-18 1.2212e-17 1.32182e-17 1.2212e-17 9.34669e-18 5.05839e-18 1.61876e-33 0 
0 0 0 0 0 0 0 0 0 0 
0 0 0 0 0 0 0 0 0 0 
0 0.0150438 0.0277972 0.0363188 0.0393112 0.0363188 0.0277972 0.0150438 4.81424e-18 0 
0 0.0277972 0.0513626 0.0671084 0.0726377 0.0671084 0.0513626 0.0277972 8.89555e-18 0 
0 0.0363188 0.0671084 0.0876814 0.0949057 0.0876814 0.0671084 0.0363188 1.16226e-17 0 
0 0.0393112 0.0726377 0.0949057 0.102725 0.0949057 0.0726377 0.0393112 1.25802e-17 0 
0 0.0363188 0.0671084 0.0876814 0.0949057 0.0876814 0.0671084 0.0363188 1.16226e-17 0 
0 0.0277972 0.0513626 0.0671084 0.0726377 0.0671084 0.0513626 0.0277972 8.89555e-18 0 
0 0.0150438 0.0277972 0.0363188 0.0393112 0.0363188 0.0277972 0.0150438 4.81424e-18 0 
0 4.81424e-18 8.89555e-18 1.16226e-17 1.25802e-17 1.16226e-17 8.89555e-18 4.81424e-18 1.54063e-33 0 
0 0 0 0 0 0 0 0 0 0 
0 0 0 0 0 0 0 0 0 0 
0 0.0143176 0.0264555 0.0345658 0.0374137 0.0345658 0.0264555 0.0143176 4.58186e-18 0 
0 0.0264555 0.0488834 0.0638693 0.0691316 0.0638693 0.0488834 0.0264555 8.46618e-18 0 
0 0.0345658 0.0638693 0.0834492 0.0903248 0.0834492 0.0638693 0.0345658 1.10616e-17 0 
0 0.0374137 0.0691316 0.0903248 0.0977668 0.0903248 0.0691316 0.0374137 1.1973e-17 0 
0 0.0345658 0.0638693 0.0834492 0.0903248 0.0834492 0.0638693 0.0345658 1.10616e-17 0 
0 0.0264555 0.0488834 0.0638693 0.0691316 0.0638693 0.0488834 0.0264555 8.46618e-18 0 
0 0.0143176 0.0264555 0.0345658 0.0374137 0.0345658 0.0264555 0.0143176 4.58186e-18 0 
0 4.58186e-18 8.46618e-18 1.10616e-17 1.1973e-17 1.10616e-17 8.46618e-18 4.58186e-18 1.46627e-33 0 
0 0 0 0 0 0 0 0 0 0 
0 0 0 0 0 0 0 0 0 0 
0 0.0136265 0.0251786 0.0328974 0.0356079 0.0328974 0.0251786 0.0136265 4.36071e-18 0 
0 0.0251786 0.0465239 0.0607864 0.0657947 0.0607864 0.0465239 0.0251786 8.05753e-18 0 
0 0.0328974 0.0607864 0.0794213 0.085965 0.0794213 0.0607864 0.0328974 1.05277e-17 0 
0 0.0356079 0.0657947 0.085965 0.0930478 0.085965 0.0657947 0.0356079 1.13951e-17 0 
0 0.0328974 0.0607864 0.0794213 0.085965 0.0794213 0.0607864 0.0328974 1.05277e-17 0 
0 0.0251786 0.0465239 0.0607864 0.0657947 0.0607864 0.0465239 0.0251786 8.05753e-18 0 
0 0.0136265 0.0251786 0.0328974 0.0356079 0.0328974 0.0251786 0.0136265 4.36071e-18 0 
0 4.36071e-18 8.05753e-18 1.05277e-17 1.13951e-17 1.05277e-17 8.05753e-18 4.36071e-18 1.39549e-33 0 
0 0 0 0 0 0 0 0 0 0 
0 0 0 0 0 0 0 0 0 0 
0 0.0129688 0.0239632 0.0313095 0.0338891 0.0313095 0.0239632 0.0129688 4.15022e-18 0 
0 0.0239632 0.0442783 0.0578524 0.062619 0.0578524 0.0442783 0.0239632 7.66861e-18 0 
0 0.0313095 0.0578524 0.0755878 0.0818156 0.0755878 0.0578524 0.0313095 1.00195e-17 0 
0 0.0338891 0.062619 0.0818156 0.0885566 0.0818156 0.062619 0.0338891 1.08451e-17 0 
0 0.0313095 0.0578524 0.0755878 0.0818156 0.0755878 0.0578524 0.0313095 1.00195e-17 0 
0 0.0239632 0.0442783 0.0578524 0.062619 0.0578524 0.0442783 0.0239632 7.66861e-18 0 
0 0.0129688 0.0239632 0.0313095 0.0338891 0.0313095 0.0239632 0.0129688 4.15022e-18 0 
0 4.15022e-18 7.66861e-18 1.00195e-17 1.08451e-17 1.00195e-17 7.66861e-18 4.15022e-18 1.32814e-33 0 
0 0 0 0 0 0 0 0 0 0 
0 0 0 0 0 0 0 0 0 0 
0 0.0123428 0.0228066 0.0297982 0.0322534 0.0297982 0.0228066 0.0123428 3.9499e-18 0 
0 0.0228066 0.0421411 0.05506 0.0595965 0.05506 0.0421411 0.0228066 7.29846e-18 0 
0 0.0297982 0.05506 0.0719393 0.0778666 0.0719393 0.05506 0.0297982 9.5359e-18 0 
0 0.0322534 0.0595965 0.0778666 0.0842822 0.0778666 0.0595965 0.0322534 1.03216e-17 0 
0 0.0297982 0.05506 0.0719393 0.0778666 0.0719393 0.05506 0.0297982 9.5359e-18 0 
0 0.0228066 0.0421411 0.05506 0.0595965 0.05506 0.0421411 0.0228066 7.29846e-18 0 
0 0.0123428 0.0228066 0.0297982 0.0322534 0.0297982 0.0228066 0.0123428 3.9499e-18 0 
0 3.9499e-18 7.29846e-18 9.5359e-18 1.03216e-17 9.5359e-18 7.29846e-18 3.9499e-18 1.26403e-33 0 
0 0 0 0 0 0 0 0 0 0 
0 0 0 0 0 0 0 0 0 0 
0 0.0117471 0.0217058 0.0283599 0.0306966 0.0283599 0.0217058 0.0117471 3.75925e-18 0 
0 0.0217058 0.040107 0.0524023 0.0567199 0.0524023 0.040107 0.0217058 6.94618e-18 0 
0 0.0283599 0.0524023 0.068467 0.0741081 0.068467 0.0524023 0.0283599 9.07563e-18 0 
0 0.0306966 0.0567199 0.0741081 0.080214 0.0741081 0.0567199 0.0306966 9.82339e-18 0 
0 0.0283599 0.0524023 0.068467 0.0741081 0.068467 0.0524023 0.0283599 9.07563e-18 0 
0 0.0217058 0.040107 0.0524023 0.0567199 0.0524023 0.040107 0.0217058 6.94618e-18 0 
0 0.0117471 0.0217058 0.0283599 0.0306966 0.0283599 0.0217058 0.0117471 3.75925e-18 0 
0 3.75925e-18 6.94618e-18 9.07563e-18 9.82339e-18 9.07563e-18 6.94618e-18 3.75925e-18 1.20302e-33 0 
0 0 0 0 0 0 0 0 0 0 
0 0 0 0 0 0 0 0 0 0 
0 0.0111801 0.0206581 0.0269911 0.0292149 0.0269911 0.0206581 0.0111801 3.5778e-18 0 
0 0.0206581 0.0381711 0.049873 0.0539821 0.049873 0.0381711 0.0206581 6.61091e-18 0 
0 0.0269911 0.049873 0.0651622 0.0705311 0.0651622 0.049873 0.0269911 8.63756e-18 0 
0 0.0292149 0.0539821 0.0705311 0.0763423 0.0705311 0.0539821 0.0292149 9.34923e-18 0 
0 0.0269911 0.049873 0.0651622 0.0705311 0.0651622 0.049873 0.0269911 8.63756e-18 0 
0 0.0206581 0.0381711 0.049873 0.0539821 0.049873 0.0381711 0.0206581 6.61091e-18 0 
0 0.0111801 0.0206581 0.0269911 0.0292149 0.0269911 0.0206581 0.0111801 3.5778e-18 0 
0 3.5778e-18 6.61091e-18 8.63756e-18 9.34923e-18 8.63756e-18 6.61091e-18 3.5778e-18 1.14495e-33 0 
0 0 0 0 0 0 0 0 0 0 
0 0 0 0 0 0 0 0 0 0 
0 0.0106404 0.0196609 0.0256883 0.0278048 0.0256883 0.0196609 0.0106404 3.4051e-18 0 
0 0.0196609 0.0363287 0.0474657 0.0513765 0.0474657 0.0363287 0.0196609 6.29181e-18 0 
0 0.0256883 0.0474657 0.062017 0.0671267 0.062017 0.0474657 0.0256883 8.22065e-18 0 
0 0.0278048 0.0513765 0.0671267 0.0726574 0.0671267 0.0513765 0.0278048 8.89796e-18 0 
0 0.0256883 0.0474657 0.062017 0.0671267 0.062017 0.0474657 0.0256883 8.22065e-18 0 
0 0.0196609 0.0363287 0.0474657 0.0513765 0.0474657 0.0363287 0.0196609 6.29181e-18 0 
0 0.0106404 0.0196609 0.0256883 0.0278048 0.0256883 0.0196609 0.0106404 3.4051e-18 0 
0 3.4051e-18 6.29181e-18 8.22065e-18 8.89796e-18 8.22065e-18 6.29181e-18 3.4051e-18 1.08969e-33 0 
0 0 0 0 0 0 0 0 0 0 
0 0 0 0 0 0 0 0 0 0 
0 0.0101268 0.018712 0.0244483 0.0264627 0.0244483 0.018712 0.0101268 3.24075e-18 0 
0 0.018712 0.0345752 0.0451747 0.0488967 0.0451747 0.0345752 0.018712 5.98812e-18 0 
0 0.0244483 0.0451747 0.0590235 0.0638866 0.0590235 0.0451747 0.0244483 7.82385e-18 0 
0 0.0264627 0.0488967 0.0638866 0.0691504 0.0638866 0.0488967 0.0264627 8.46848e-18 0 
0 0.0244483 0.0451747 0.0590235 0.0638866 0.0590235 0.0451747 0.0244483 7.82385e-18 0 
0 0.018712 0.0345752 0.0451747 0.0488967 0.0451747 0.0345752 0.018712 5.98812e-18 0 
0 0.0101268 0.018712 0.0244483 0.0264627 0.0244483 0.018712 0.0101268 3.24075e-18 0 
0 3.24075e-18 5.98812e-18 7.82385e-18 8.46848e-18 7.82385e-18 5.98812e-18 3.24075e-18 1.03709e-33 0 
0 0 0 0 0 0 0 0 0 0 
0 0 0 0 0 0 0 0 0 0 
0 0.00963804 0.0178088 0.0232683 0.0251854 0.0232683 0.0178088 0.00963804 3.08432e-18 0 
0 0.0178088 0.0329063 0.0429942 0.0465366 0.0429942 0.0329063 0.0178088 5.69908e-18 0 
0 0.0232683 0.0429942 0.0561746 0.0608029 0.0561746 0.0429942 0.0232683 7.44621e-18 0 
0 0.0251854 0.0465366 0.0608029 0.0658126 0.0608029 0.0465366 0.0251854 8.05972e-18 0 
0 0.0232683 0.0429942 0.0561746 0.0608029 0.0561746 0.0429942 0.0232683 7.44621e-18 0 
0 0.0178088 0.0329063 0.0429942 0.0465366 0.0429942 0.0329063 0.0178088 5.69908e-18 0 
