0 0 0 0 0 0 0 0 0 0 
0 0.116978 0.219846 0.296198 0.336824 0.336824 0.296198 0.219846 0.116978 0 
0 0.219846 0.413176 0.55667 0.633022 0.633022 0.55667 0.413176 0.219846 0 
0 0.296198 0.55667 0.75 0.852869 0.852869 0.75 0.55667 0.296198 0 
0 0.336824 0.633022 0.852869 0.969846 0.969846 0.852869 0.633022 0.336824 0 
0 0.336824 0.633022 0.852869 0.969846 0.969846 0.852869 0.633022 0.336824 0 
0 0.296198 0.55667 0.75 0.852869 0.852869 0.75 0.55667 0.296198 0 
0 0.219846 0.413176 0.55667 0.633022 0.633022 0.55667 0.413176 0.219846 0 
0 0.116978 0.219846 0.296198 0.336824 0.336824 0.296198 0.219846 0.116978 0 
0 0 0 0 0 0 0 0 0 0 
0 0 0 0 0 0 0 0 0 0 
0 0.110324 0.207342 0.279351 0.317666 0.317666 0.279351 0.207342 0.110324 0 
0 0.207342 0.389676 0.525009 0.597018 0.597018 0.525009 0.389676 0.207342 0 
0 0.279351 0.525009 0.707342 0.80436 0.80436 0.707342 0.525009 0.279351 0 
0 0.317666 0.597018 0.80436 0.914684 0.914684 0.80436 0.597018 0.317666 0 
0 0.317666 0.597018 0.80436 0.914684 0.914684 0.80436 0.597018 0.317666 0 
0 0.279351 0.525009 0.707342 0.80436 0.80436 0.707342 0.525009 0.279351 0 
0 0.207342 0.389676 0.525009 0.597018 0.597018 0.525009 0.389676 0.207342 0 
0 0.110324 0.207342 0.279351 0.317666 0.317666 0.279351 0.207342 0.110324 0 
0 0 0 0 0 0 0 0 0 0 
0 0 0 0 0 0 0 0 0 0 
0 0.0732233 0.137615 0.185408 0.210838 0.210838 0.185408 0.137615 0.0732233 0 
0 0.137615 0.258631 0.348453 0.396246 0.396246 0.348453 0.258631 0.137615 0 
0 0.185408 0.348453 0.469469 0.533861 0.533861 0.469469 0.348453 0.185408 0 
0 0.210838 0.396246 0.533861 0.607084 0.607084 0.533861 0.396246 0.210838 0 
0 0.210838 0.396246 0.533861 0.607084 0.607084 0.533861 0.396246 0.210838 0 
0 0.185408 0.348453 0.469469 0.533861 0.533861 0.469469 0.348453 0.185408 0 
0 0.137615 0.258631 0.348453 0.396246 0.396246 0.348453 0.258631 0.137615 0 
0 0.0732233 0.137615 0.185408 0.210838 0.210838 0.185408 0.137615 0.0732233 0 
0 0 0 0 0 0 0 0 0 0 
0 0 0 0 0 0 0 0 0 0 
0 0.0485989 0.0913361 0.123057 0.139935 0.139935 0.123057 0.0913361 0.0485989 0 
0 0.0913361 0.171656 0.231271 0.262992 0.262992 0.231271 0.171656 0.0913361 0 
0 0.123057 0.231271 0.311591 0.354328 0.354328 0.311591 0.231271 0.123057 0 
0 0.139935 0.262992 0.354328 0.402927 0.402927 0.354328 0.262992 0.139935 0 
0 0.139935 0.262992 0.354328 0.402927 0.402927 0.354328 0.262992 0.139935 0 
0 0.123057 0.231271 0.311591 0.354328 0.354328 0.311591 0.231271 0.123057 0 
0 0.0913361 0.171656 0.231271 0.262992 0.262992 0.231271 0.171656 0.0913361 0 
0 0.0485989 0.0913361 0.123057 0.139935 0.139935 0.123057 0.0913361 0.0485989 0 
0 0 0 0 0 0 0 0 0 0 
0 0 0 0 0 0 0 0 0 0 
0 0.0322555 0.0606206 0.0816739 0.0928761 0.0928761 0.0816739 0.0606206 0.0322555 0 
0 0.0606206 0.113929 0.153497 0.17455 0.17455 0.153497 0.113929 0.0606206 0 
0 0.0816739 0.153497 0.206805 0.235171 0.235171 0.206805 0.153497 0.0816739 0 
0 0.0928761 0.17455 0.235171 0.267426 0.267426 0.235171 0.17455 0.0928761 0 
0 0.0928761 0.17455 0.235171 0.267426 0.267426 0.235171 0.17455 0.0928761 0 
0 0.0816739 0.153497 0.206805 0.235171 0.235171 0.206805 0.153497 0.0816739 0 
0 0.0606206 0.113929 0.153497 0.17455 0.17455 0.153497 0.113929 0.0606206 0 
0 0.0322555 0.0606206 0.0816739 0.0928761 0.0928761 0.0816739 0.0606206 0.0322555 0 
0 0 0 0 0 0 0 0 0 0 
0 0 0 0 0 0 0 0 0 0 
0 0.0214083 0.0402344 0.0542077 0.0616427 0.0616427 0.0542077 0.0402344 0.0214083 0 
0 0.0402344 0.0756159 0.101877 0.11585 0.11585 0.101877 0.0756159 0.0402344 0 
0 0.0542077 0.101877 0.137259 0.156085 0.156085 0.137259 0.101877 0.0542077 0 
0 0.0616427 0.11585 0.156085 0.177493 0.177493 0.156085 0.11585 0.0616427 0 
0 0.0616427 0.11585 0.156085 0.177493 0.177493 0.156085 0.11585 0.0616427 0 
0 0.0542077 0.101877 0.137259 0.156085 0.156085 0.137259 0.101877 0.0542077 0 
0 0.0402344 0.0756159 0.101877 0.11585 0.11585 0.101877 0.0756159 0.0402344 0 
0 0.0214083 0.0402344 0.0542077 0.0616427 0.0616427 0.0542077 0.0402344 0.0214083 0 
0 0 0 0 0 0 0 0 0 0 
0 0 0 0 0 0 0 0 0 0 
0 0.0142089 0.0267039 0.0359781 0.0409128 0.0409128 0.0359781 0.0267039 0.0142089 0 
0 0.0267039 0.0501869 0.0676167 0.0768909 0.0768909 0.0676167 0.0501869 0.0267039 0 
0 0.0359781 0.0676167 0.0910997 0.103595 0.103595 0.0910997 0.0676167 0.0359781 0 
0 0.0409128 0.0768909 0.103595 0.117804 0.117804 0.103595 0.0768909 0.0409128 0 
0 0.0409128 0.0768909 0.103595 0.117804 0.117804 0.103595 0.0768909 0.0409128 0 
0 0.0359781 0.0676167 0.0910997 0.103595 0.103595 0.0910997 0.0676167 0.0359781 0 
0 0.0267039 0.0501869 0.0676167 0.0768909 0.0768909 0.0676167 0.0501869 0.0267039 0 
0 0.0142089 0.0267039 0.0359781 0.0409128 0.0409128 0.0359781 0.0267039 0.0142089 0 
0 0 0 0 0 0 0 0 0 0 
0 0 0 0 0 0 0 0 0 0 
0 0.00943054 0.0177236 0.023879 0.0271542 0.0271542 0.023879 0.0177236 0.00943054 0 
0 0.0177236 0.0333095 0.0448778 0.0510331 0.0510331 0.0448778 0.0333095 0.0177236 0 
0 0.023879 0.0448778 0.0604637 0.0687568 0.0687568 0.0604637 0.0448778 0.023879 0 
0 0.0271542 0.0510331 0.0687568 0.0781873 0.0781873 0.0687568 0.0510331 0.0271542 0 
0 0.0271542 0.0510331 0.0687568 0.0781873 0.0781873 0.0687568 0.0510331 0.0271542 0 
0 0.023879 0.0448778 0.0604637 0.0687568 0.0687568 0.0604637 0.0448778 0.023879 0 
0 0.0177236 0.0333095 0.0448778 0.0510331 0.0510331 0.0448778 0.0333095 0.0177236 0 
0 0.00943054 0.0177236 0.023879 0.0271542 0.0271542 0.023879 0.0177236 0.00943054 0 
0 0 0 0 0 0 0 0 0 0 
0 0 0 0 0 0 0 0 0 0 
0 0.00625913 0.0117633 0.0158487 0.0180225 0.0180225 0.0158487 0.0117633 0.00625913 0 
0 0.0117633 0.0221078 0.0297858 0.0338711 0.0338711 0.0297858 0.0221078 0.0117633 0 
0 0.0158487 0.0297858 0.0401303 0.0456345 0.0456345 0.0401303 0.0297858 0.0158487 0 
0 0.0180225 0.0338711 0.0456345 0.0518936 0.0518936 0.0456345 0.0338711 0.0180225 0 
0 0.0180225 0.0338711 0.0456345 0.0518936 0.0518936 0.0456345 0.0338711 0.0180225 0 
0 0.0158487 0.0297858 0.0401303 0.0456345 0.0456345 0.0401303 0.0297858 0.0158487 0 
0 0.0117633 0.0221078 0.0297858 0.0338711 0.0338711 0.0297858 0.0221078 0.0117633 0 
0 0.00625913 0.0117633 0.0158487 0.0180225 0.0180225 0.0158487 0.0117633 0.00625913 0 
0 0 0 0 0 0 0 0 0 0 
0 0 0 0 0 0 0 0 0 0 
0 0.00415424 0.00780742 0.0105189 0.0119617 0.0119617 0.0105189 0.00780742 0.00415424 0 
0 0.00780742 0.0146731 0.0197691 0.0224806 0.0224806 0.0197691 0.0146731 0.00780742 0 
0 0.0105189 0.0197691 0.0266348 0.030288 0.030288 0.0266348 0.0197691 0.0105189 0 
0 0.0119617 0.0224806 0.030288 0.0344422 0.0344422 0.030288 0.0224806 0.0119617 0 
0 0.0119617 0.0224806 0.030288 0.0344422 0.0344422 0.030288 0.0224806 0.0119617 0 
0 0.0105189 0.0197691 0.0266348 0.030288 0.030288 0.0266348 0.0197691 0.0105189 0 
0 0.00780742 0.0146731 0.0197691 0.0224806 0.0224806 0.0197691 0.0146731 0.00780742 0 
0 0.00415424 0.00780742 0.0105189 0.0119617 0.0119617 0.0105189 0.00780742 0.00415424 0 
0 0 0 0 0 0 0 0 0 0 
0 0 0 0 0 0 0 0 0 0 
0 0.00275721 0.00518185 0.00698149 0.00793906 0.00793906 0.00698149 0.00518185 0.00275721 0 
0 0.00518185 0.0097387 0.0131209 0.0149205 0.0149205 0.0131209 0.0097387 0.00518185 0 
0 0.00698149 0.0131209 0.0176778 0.0201024 0.0201024 0.0176778 0.0131209 0.00698149 0 
0 0.00793906 0.0149205 0.0201024 0.0228596 0.0228596 0.0201024 0.0149205 0.00793906 0 
0 0.00793906 0.0149205 0.0201024 0.0228596 0.0228596 0.0201024 0.0149205 0.00793906 0 
0 0.00698149 0.0131209 0.0176778 0.0201024 0.0201024 0.0176778 0.0131209 0.00698149 0 
0 0.00518185 0.0097387 0.0131209 0.0149205 0.0149205 0.0131209 0.0097387 0.00518185 0 
0 0.00275721 0.00518185 0.00698149 0.00793906 0.00793906 0.00698149 0.00518185 0.00275721 0 
0 0 0 0 0 0 0 0 0 0 
0 0 0 0 0 0 0 0 0 0 
0 0.00182998 0.00343924 0.00463368 0.00526922 0.00526922 0.00463368 0.00343924 0.00182998 0 
0 0.00343924 0.00646366 0.00870846 0.0099029 0.0099029 0.00870846 0.00646366 0.00343924 0 
0 0.00463368 0.00870846 0.0117329 0.0133421 0.0133421 0.0117329 0.00870846 0.00463368 0 
0 0.00526922 0.0099029 0.0133421 0.0151721 0.0151721 0.0133421 0.0099029 0.00526922 0 
0 0.00526922 0.0099029 0.0133421 0.0151721 0.0151721 0.0133421 0.0099029 0.00526922 0 
0 0.00463368 0.00870846 0.0117329 0.0133421 0.0133421 0.0117329 0.00870846 0.00463368 0 
0 0.00343924 0.00646366 0.00870846 0.0099029 0.0099029 0.00870846 0.00646366 0.00343924 0 
0 0.00182998 0.00343924 0.00463368 0.00526922 0.00526922 0.00463368 0.00343924 0.00182998 0 
0 0 0 0 0 0 0 0 0 0 
0 0 0 0 0 0 0 0 0 0 
0 0.00121457 0.00228265 0.00307541 0.00349723 0.00349723 0.00307541 0.00228265 0.00121457 0 
0 0.00228265 0.00428999 0.00577988 0.00657264 0.00657264 0.00577988 0.00428999 0.00228265 0 
0 0.00307541 0.00577988 0.00778721 0.00885529 0.00885529 0.00778721 0.00577988 0.00307541 0 
0 0.00349723 0.00657264 0.00885529 0.0100699 0.0100699 0.00885529 0.00657264 0.00349723 0 
0 0.00349723 0.00657264 0.00885529 0.0100699 0.0100699 0.00885529 0.00657264 0.00349723 0 
0 0.00307541 0.00577988 0.00778721 0.00885529 0.00885529 0.00778721 0.00577988 0.00307541 0 
0 0.00228265 0.00428999 0.00577988 0.00657264 0.00657264 0.00577988 0.00428999 0.00228265 0 
0 0.00121457 0.00228265 0.00307541 0.00349723 0.00349723 0.00307541 0.00228265 0.00121457 0 
0 0 0 0 0 0 0 0 0 0 
0 0 0 0 0 0 0 0 0 0 
0 0.000806124 0.00151502 0.00204118 0.00232114 0.00232114 0.00204118 0.00151502 0.000806124 0 
0 0.00151502 0.0028473 0.00383616 0.00436232 0.00436232 0.00383616 0.0028473 0.00151502 0 
0 0.00204118 0.00383616 0.00516844 0.00587734 0.00587734 0.00516844 0.00383616 0.00204118 0 
0 0.00232114 0.00436232 0.00587734 0.00668346 0.00668346 0.00587734 0.00436232 0.00232114 0 
0 0.00232114 0.00436232 0.00587734 0.00668346 0.00668346 0.00587734 0.00436232 0.00232114 0 
0 0.00204118 0.00383616 0.00516844 0.00587734 0.00587734 0.00516844 0.00383616 0.00204118 0 
0 0.00151502 0.0028473 0.00383616 0.00436232 0.00436232 0.00383616 0.0028473 0.00151502 0 
0 0.000806124 0.00151502 0.00204118 0.00232114 0.00232114 0.00204118 0.00151502 0.000806124 0 
0 0 0 0 0 0 0 0 0 0 
0 0 0 0 0 0 0 0 0 0 
0 0.000535031 0.00100553 0.00135475 0.00154056 0.00154056 0.00135475 0.00100553 0.000535031 0 
0 0.00100553 0.00188978 0.00254609 0.00289531 0.00289531 0.00254609 0.00188978 0.00100553 0 
0 0.00135475 0.00254609 0.00343034 0.00390084 0.00390084 0.00343034 0.00254609 0.00135475 0 
0 0.00154056 0.00289531 0.00390084 0.00443587 0.00443587 0.00390084 0.00289531 0.00154056 0 
0 0.00154056 0.00289531 0.00390084 0.00443587 0.00443587 0.00390084 0.00289531 0.00154056 0 
0 0.00135475 0.00254609 0.00343034 0.00390084 0.00390084 0.00343034 0.00254609 0.00135475 0 
0 0.00100553 0.00188978 0.00254609 0.00289531 0.00289531 0.00254609 0.00188978 0.00100553 0 
0 0.000535031 0.00100553 0.00135475 0.00154056 0.00154056 0.00135475 0.00100553 0.000535031 0 
0 0 0 0 0 0 0 0 0 0 
0 0 0 0 0 0 0 0 0 0 
0 0.000355105 0.000667379 0.000899157 0.00102248 0.00102248 0.000899157 0.000667379 0.000355105 0 
0 0.000667379 0.00125426 0.00168986 0.00192164 0.00192164 0.00168986 0.00125426 0.000667379 0 
0 0.000899157 0.00168986 0.00227675 0.00258902 0.00258902 0.00227675 0.00168986 0.000899157 0 
0 0.00102248 0.00192164 0.00258902 0.00294413 0.00294413 0.00258902 0.00192164 0.00102248 0 
0 0.00102248 0.00192164 0.00258902 0.00294413 0.00294413 0.00258902 0.00192164 0.00102248 0 
0 0.000899157 0.00168986 0.00227675 0.00258902 0.00258902 0.00227675 0.00168986 0.000899157 0 
0 0.000667379 0.00125426 0.00168986 0.00192164 0.00192164 0.00168986 0.00125426 0.000667379 0 
0 0.000355105 0.000667379 0.000899157 0.00102248 0.00102248 0.000899157 0.000667379 0.000355105 0 
0 0 0 0 0 0 0 0 0 0 
0 0 0 0 0 0 0 0 0 0 
0 0.000235686 0.000442945 0.000596779 0.000678632 0.000678632 0.000596779 0.000442945 0.000235686 0 
0 0.000442945 0.000832465 0.00112158 0.00127541 0.00127541 0.00112158 0.000832465 0.000442945 0 
0 0.000596779 0.00112158 0.0015111 0.00171836 0.00171836 0.0015111 0.00112158 0.000596779 0 
0 0.000678632 0.00127541 0.00171836 0.00195404 0.00195404 0.00171836 0.00127541 0.000678632 0 
0 0.000678632 0.00127541 0.00171836 0.00195404 0.00195404 0.00171836 0.00127541 0.000678632 0 
0 0.000596779 0.00112158 0.0015111 0.00171836 0.00171836 0.0015111 0.00112158 0.000596779 0 
0 0.000442945 0.000832465 0.00112158 0.00127541 0.00127541 0.00112158 0.000832465 0.000442945 0 
0 0.000235686 0.000442945 0.000596779 0.000678632 0.000678632 0.000596779 0.000442945 0.000235686 0 
0 0 0 0 0 0 0 0 0 0 
0 0 0 0 0 0 0 0 0 0 
0 0.000156427 0.000293987 0.000396087 0.000450414 0.000450414 0.000396087 0.000293987 0.000156427 0 
0 0.000293987 0.000552514 0.0007444 0.000846501 0.000846501 0.0007444 0.000552514 0.000293987 0 
0 0.000396087 0.0007444 0.00100293 0.00114049 0.00114049 0.00100293 0.0007444 0.000396087 0 
0 0.000450414 0.000846501 0.00114049 0.00129691 0.00129691 0.00114049 0.000846501 0.000450414 0 
0 0.000450414 0.000846501 0.00114049 0.00129691 0.00129691 0.00114049 0.000846501 0.000450414 0 
0 0.000396087 0.0007444 0.00100293 0.00114049 0.00114049 0.00100293 0.0007444 0.000396087 0 
0 0.000293987 0.000552514 0.0007444 0.000846501 0.000846501 0.0007444 0.000552514 0.000293987 0 
0 0.000156427 0.000293987 0.000396087 0.000450414 0.000450414 0.000396087 0.000293987 0.000156427 0 
0 0 0 0 0 0 0 0 0 0 
0 0 0 0 0 0 0 0 0 0 
0 0.000103822 0.000195122 0.000262886 0.000298943 0.000298943 0.000262886 0.000195122 0.000103822 0 
0 0.000195122 0.000366708 0.000494065 0.00056183 0.00056183 0.000494065 0.000366708 0.000195122 0 
0 0.000262886 0.000494065 0.000665652 0.000756951 0.000756951 0.000665652 0.000494065 0.000262886 0 
0 0.000298943 0.00056183 0.000756951 0.000860773 0.000860773 0.000756951 0.00056183 0.000298943 0 
0 0.000298943 0.00056183 0.000756951 0.000860773 0.000860773 0.000756951 0.00056183 0.000298943 0 
0 0.000262886 0.000494065 0.000665652 0.000756951 0.000756951 0.000665652 0.000494065 0.000262886 0 
0 0.000195122 0.000366708 0.000494065 0.00056183 0.00056183 0.000494065 0.000366708 0.000195122 0 
0 0.000103822 0.000195122 0.000262886 0.000298943 0.000298943 0.000262886 0.000195122 0.000103822 0 
0 0 0 0 0 0 0 0 0 0 
0 0 0 0 0 0 0 0 0 0 
0 6.89076e-05 0.000129504 0.00017448 0.000198411 0.000198411 0.00017448 0.000129504 6.89076e-05 0 
0 0.000129504 0.000243388 0.000327915 0.000372891 0.000372891 0.000327915 0.000243388 0.000129504 0 
0 0.00017448 0.000327915 0.000441799 0.000502395 0.000502395 0.000441799 0.000327915 0.00017448 0 
0 0.000198411 0.000372891 0.000502395 0.000571303 0.000571303 0.000502395 0.000372891 0.000198411 0 
0 0.000198411 0.000372891 0.000502395 0.000571303 0.000571303 0.000502395 0.000372891 0.000198411 0 
0 0.00017448 0.000327915 0.000441799 0.000502395 0.000502395 0.000441799 0.000327915 0.00017448 0 
0 0.000129504 0.000243388 0.000327915 0.000372891 0.000372891 0.000327915 0.000243388 0.000129504 0 
0 6.89076e-05 0.000129504 0.00017448 0.000198411 0.000198411 0.00017448 0.000129504 6.89076e-05 0 
0 0 0 0 0 0 0 0 0 0 
0 0 0 0 0 0 0 0 0 0 
0 4.57345e-05 8.59528e-05 0.000115804 0.000131687 0.000131687 0.000115804 8.59528e-05 4.57345e-05 0 
0 8.59528e-05 0.000161538 0.00021764 0.000247491 0.000247491 0.00021764 0.000161538 8.59528e-05 0 
0 0.000115804 0.00021764 0.000293226 0.000333444 0.000333444 0.000293226 0.00021764 0.000115804 0 
0 0.000131687 0.000247491 0.000333444 0.000379179 0.000379179 0.000333444 0.000247491 0.000131687 0 
0 0.000131687 0.000247491 0.000333444 0.000379179 0.000379179 0.000333444 0.000247491 0.000131687 0 
0 0.000115804 0.00021764 0.000293226 0.000333444 0.000333444 0.000293226 0.00021764 0.000115804 0 
0 8.59528e-05 0.000161538 0.00021764 0.000247491 0.000247491 0.00021764 0.000161538 8.59528e-05 0 
0 4.57345e-05 8.59528e-05 0.000115804 0.000131687 0.000131687 0.000115804 8.59528e-05 4.57345e-05 0 
0 0 0 0 0 0 0 0 0 0 
0 0 0 0 0 0 0 0 0 0 
0 3.03544e-05 5.70476e-05 7.68601e-05 8.74021e-05 8.74021e-05 7.68601e-05 5.70476e-05 3.03544e-05 0 
0 5.70476e-05 0.000107214 0.00014445 0.000164262 0.000164262 0.00014445 0.000107214 5.70476e-05 0 
0 7.68601e-05 0.00014445 0.000194617 0.00022131 0.00022131 0.000194617 0.00014445 7.68601e-05 0 
0 8.74021e-05 0.000164262 0.00022131 0.000251664 0.000251664 0.00022131 0.000164262 8.74021e-05 0 
0 8.74021e-05 0.000164262 0.00022131 0.000251664 0.000251664 0.00022131 0.000164262 8.74021e-05 0 
0 7.68601e-05 0.00014445 0.000194617 0.00022131 0.00022131 0.000194617 0.00014445 7.68601e-05 0 
0 5.70476e-05 0.000107214 0.00014445 0.000164262 0.000164262 0.00014445 0.000107214 5.70476e-05 0 
0 3.03544e-05 5.70476e-05 7.68601e-05 8.74021e-05 8.74021e-05 7.68601e-05 5.70476e-05 3.03544e-05 0 
0 0 0 0 0 0 0 0 0 0 
0 0 0 0 0 0 0 0 0 0 
0 2.01465e-05 3.7863e-05 5.10127e-05 5.80095e-05 5.80095e-05 5.10127e-05 3.7863e-05 2.01465e-05 0 
0 3.7863e-05 7.11592e-05 9.58725e-05 0.000109022 0.000109022 9.58725e-05 7.11592e-05 3.7863e-05 0 
0 5.10127e-05 9.58725e-05 0.000129169 0.000146885 0.000146885 0.000129169 9.58725e-05 5.10127e-05 0 
0 5.80095e-05 0.000109022 0.000146885 0.000167032 0.000167032 0.000146885 0.000109022 5.80095e-05 0 
0 5.80095e-05 0.000109022 0.000146885 0.000167032 0.000167032 0.000146885 0.000109022 5.80095e-05 0 
0 5.10127e-05 9.58725e-05 0.000129169 0.000146885 0.000146885 0.000129169 9.58725e-05 5.10127e-05 0 
0 3.7863e-05 7.11592e-05 9.58725e-05 0.000109022 0.000109022 9.58725e-05 7.11592e-05 3.7863e-05 0 
0 2.01465e-05 3.7863e-05 5.10127e-05 5.80095e-05 5.80095e-05 5.10127e-05 3.7863e-05 2.01465e-05 0 
0 0 0 0 0 0 0 0 0 0 
0 0 0 0 0 0 0 0 0 0 
0 1.33714e-05 2.513e-05 3.38576e-05 3.85014e-05 3.85014e-05 3.38576e-05 2.513e-05 1.33714e-05 0 
0 2.513e-05 4.7229e-05 6.36314e-05 7.2359e-05 7.2359e-05 6.36314e-05 4.7229e-05 2.513e-05 0 
0 3.38576e-05 6.36314e-05 8.57304e-05 9.7489e-05 9.7489e-05 8.57304e-05 6.36314e-05 3.38576e-05 0 
0 3.85014e-05 7.2359e-05 9.7489e-05 0.00011086 0.00011086 9.7489e-05 7.2359e-05 3.85014e-05 0 
0 3.85014e-05 7.2359e-05 9.7489e-05 0.00011086 0.00011086 9.7489e-05 7.2359e-05 3.85014e-05 0 
0 3.38576e-05 6.36314e-05 8.57304e-05 9.7489e-05 9.7489e-05 8.57304e-05 6.36314e-05 3.38576e-05 0 
0 2.513e-05 4.7229e-05 6.36314e-05 7.2359e-05 7.2359e-05 6.36314e-05 4.7229e-05 2.513e-05 0 
0 1.33714e-05 2.513e-05 3.38576e-05 3.85014e-05 3.85014e-05 3.38576e-05 2.513e-05 1.33714e-05 0 
0 0 0 0 0 0 0 0 0 0 
0 0 0 0 0 0 0 0 0 0 
0 8.87472e-06 1.6679e-05 2.24716e-05 2.55537e-05 2.55537e-05 2.24716e-05 1.6679e-05 8.87472e-06 0 
0 1.6679e-05 3.13463e-05 4.22327e-05 4.80253e-05 4.80253e-05 4.22327e-05 3.13463e-05 1.6679e-05 0 
0 2.24716e-05 4.22327e-05 5.69e-05 6.47043e-05 6.47043e-05 5.69e-05 4.22327e-05 2.24716e-05 0 
0 2.55537e-05 4.80253e-05 6.47043e-05 7.3579e-05 7.3579e-05 6.47043e-05 4.80253e-05 2.55537e-05 0 
0 2.55537e-05 4.80253e-05 6.47043e-05 7.3579e-05 7.3579e-05 6.47043e-05 4.80253e-05 2.55537e-05 0 
0 2.24716e-05 4.22327e-05 5.69e-05 6.47043e-05 6.47043e-05 5.69e-05 4.22327e-05 2.24716e-05 0 
0 1.6679e-05 3.13463e-05 4.22327e-05 4.80253e-05 4.80253e-05 4.22327e-05 3.13463e-05 1.6679e-05 0 
0 8.87472e-06 1.6679e-05 2.24716e-05 2.55537e-05 2.55537e-05 2.24716e-05 1.6679e-05 8.87472e-06 0 
0 0 0 0 0 0 0 0 0 0 
0 0 0 0 0 0 0 0 0 0 
0 5.89023e-06 1.107e-05 1.49146e-05 1.69602e-05 1.69602e-05 1.49146e-05 1.107e-05 5.89023e-06 0 
0 1.107e-05 2.08048e-05 2.80302e-05 3.18748e-05 3.18748e-05 2.80302e-05 2.08048e-05 1.107e-05 0 
0 1.49146e-05 2.80302e-05 3.77651e-05 4.29448e-05 4.29448e-05 3.77651e-05 2.80302e-05 1.49146e-05 0 
0 1.69602e-05 3.18748e-05 4.29448e-05 4.88351e-05 4.88351e-05 4.29448e-05 3.18748e-05 1.69602e-05 0 
0 1.69602e-05 3.18748e-05 4.29448e-05 4.88351e-05 4.88351e-05 4.29448e-05 3.18748e-05 1.69602e-05 0 
0 1.49146e-05 2.80302e-05 3.77651e-05 4.29448e-05 4.29448e-05 3.77651e-05 2.80302e-05 1.49146e-05 0 
0 1.107e-05 2.08048e-05 2.80302e-05 3.18748e-05 3.18748e-05 2.80302e-05 2.08048e-05 1.107e-05 0 
0 5.89023e-06 1.107e-05 1.49146e-05 1.69602e-05 1.69602e-05 1.49146e-05 1.107e-05 5.89023e-06 0 
0 0 0 0 0 0 0 0 0 0 
0 0 0 0 0 0 0 0 0 0 
0 3.9094e-06 7.34726e-06 9.89894e-06 1.12567e-05 1.12567e-05 9.89894e-06 7.34726e-06 3.9094e-06 0 
0 7.34726e-06 1.38083e-05 1.86039e-05 2.11556e-05 2.11556e-05 1.86039e-05 1.38083e-05 7.34726e-06 0 
0 9.89894e-06 1.86039e-05 2.5065e-05 2.85029e-05 2.85029e-05 2.5065e-05 1.86039e-05 9.89894e-06 0 
0 1.12567e-05 2.11556e-05 2.85029e-05 3.24123e-05 3.24123e-05 2.85029e-05 2.11556e-05 1.12567e-05 0 
0 1.12567e-05 2.11556e-05 2.85029e-05 3.24123e-05 3.24123e-05 2.85029e-05 2.11556e-05 1.12567e-05 0 
0 9.89894e-06 1.86039e-05 2.5065e-05 2.85029e-05 2.85029e-05 2.5065e-05 1.86039e-05 9.89894e-06 0 
0 7.34726e-06 1.38083e-05 1.86039e-05 2.11556e-05 2.11556e-05 1.86039e-05 1.38083e-05 7.34726e-06 0 
0 3.9094e-06 7.34726e-06 9.89894e-06 1.12567e-05 1.12567e-05 9.89894e-06 7.34726e-06 3.9094e-06 0 
0 0 0 0 0 0 0 0 0 0 
0 0 0 0 0 0 0 0 0 0 
0 2.5947e-06 4.87645e-06 6.57002e-06 7.47115e-06 7.47115e-06 6.57002e-06 4.87645e-06 2.5947e-06 0 
0 4.87645e-06 9.16472e-06 1.23476e-05 1.40412e-05 1.40412e-05 1.23476e-05 9.16472e-06 4.87645e-06 0 
0 6.57002e-06 1.23476e-05 1.66359e-05 1.89176e-05 1.89176e-05 1.66359e-05 1.23476e-05 6.57002e-06 0 
0 7.47115e-06 1.40412e-05 1.89176e-05 2.15123e-05 2.15123e-05 1.89176e-05 1.40412e-05 7.47115e-06 0 
0 7.47115e-06 1.40412e-05 1.89176e-05 2.15123e-05 2.15123e-05 1.89176e-05 1.40412e-05 7.47115e-06 0 
0 6.57002e-06 1.23476e-05 1.66359e-05 1.89176e-05 1.89176e-05 1.66359e-05 1.23476e-05 6.57002e-06 0 
0 4.87645e-06 9.16472e-06 1.23476e-05 1.40412e-05 1.40412e-05 1.23476e-05 9.16472e-06 4.87645e-06 0 
0 2.5947e-06 4.87645e-06 6.57002e-06 7.47115e-06 7.47115e-06 6.57002e-06 4.87645e-06 2.5947e-06 0 
0 0 0 0 0 0 0 0 0 0 
0 0 0 0 0 0 0 0 0 0 
0 1.72213e-06 3.23654e-06 4.36058e-06 4.95867e-06 4.95867e-06 4.36058e-06 3.23654e-06 1.72213e-06 0 
0 3.23654e-06 6.08271e-06 8.19521e-06 9.31925e-06 9.31925e-06 8.19521e-06 6.08271e-06 3.23654e-06 0 
0 4.36058e-06 8.19521e-06 1.10414e-05 1.25558e-05 1.25558e-05 1.10414e-05 8.19521e-06 4.36058e-06 0 
0 4.95867e-06 9.31925e-06 1.25558e-05 1.42779e-05 1.42779e-05 1.25558e-05 9.31925e-06 4.95867e-06 0 
0 4.95867e-06 9.31925e-06 1.25558e-05 1.42779e-05 1.42779e-05 1.25558e-05 9.31925e-06 4.95867e-06 0 
0 4.36058e-06 8.19521e-06 1.10414e-05 1.25558e-05 1.25558e-05 1.10414e-05 8.19521e-06 4.36058e-06 0 
0 3.23654e-06 6.08271e-06 8.19521e-06 9.31925e-06 9.31925e-06 8.19521e-06 6.08271e-06 3.23654e-06 0 
0 1.72213e-06 3.23654e-06 4.36058e-06 4.95867e-06 4.95867e-06 4.36058e-06 3.23654e-06 1.72213e-06 0 
0 0 0 0 0 0 0 0 0 0 
0 0 0 0 0 0 0 0 0 0 
0 1.14299e-06 2.14812e-06 2.89416e-06 3.29112e-06 3.29112e-06 2.89416e-06 2.14812e-06 1.14299e-06 0 
0 2.14812e-06 4.03715e-06 5.43924e-06 6.18528e-06 6.18528e-06 5.43924e-06 4.03715e-06 2.14812e-06 0 
0 2.89416e-06 5.43924e-06 7.32827e-06 8.3334e-06 8.3334e-06 7.32827e-06 5.43924e-06 2.89416e-06 0 
0 3.29112e-06 6.18528e-06 8.3334e-06 9.47639e-06 9.47639e-06 8.3334e-06 6.18528e-06 3.29112e-06 0 
0 3.29112e-06 6.18528e-06 8.3334e-06 9.47639e-06 9.47639e-06 8.3334e-06 6.18528e-06 3.29112e-06 0 
0 2.89416e-06 5.43924e-06 7.32827e-06 8.3334e-06 8.3334e-06 7.32827e-06 5.43924e-06 2.89416e-06 0 
0 2.14812e-06 4.03715e-06 5.43924e-06 6.18528e-06 6.18528e-06 5.43924e-06 4.03715e-06 2.14812e-06 0 
0 1.14299e-06 2.14812e-06 2.89416e-06 3.29112e-06 3.29112e-06 2.89416e-06 2.14812e-06 1.14299e-06 0 
0 0 0 0 0 0 0 0 0 0 
0 0 0 0 0 0 0 0 0 0 
0 7.58616e-07 1.42573e-06 1.92088e-06 2.18435e-06 2.18435e-06 1.92088e-06 1.42573e-06 7.58616e-07 0 
0 1.42573e-06 2.6795e-06 3.61008e-06 4.10523e-06 4.10523e-06 3.61008e-06 2.6795e-06 1.42573e-06 0 
0 1.92088e-06 3.61008e-06 4.86384e-06 5.53096e-06 5.53096e-06 4.86384e-06 3.61008e-06 1.92088e-06 0 
0 2.18435e-06 4.10523e-06 5.53096e-06 6.28957e-06 6.28957e-06 5.53096e-06 4.10523e-06 2.18435e-06 0 
0 2.18435e-06 4.10523e-06 5.53096e-06 6.28957e-06 6.28957e-06 5.53096e-06 4.10523e-06 2.18435e-06 0 
0 1.92088e-06 3.61008e-06 4.86384e-06 5.53096e-06 5.53096e-06 4.86384e-06 3.61008e-06 1.92088e-06 0 
0 1.42573e-06 2.6795e-06 3.61008e-06 4.10523e-06 4.10523e-06 3.61008e-06 2.6795e-06 1.42573e-06 0 
0 7.58616e-07 1.42573e-06 1.92088e-06 2.18435e-06 2.18435e-06 1.92088e-06 1.42573e-06 7.58616e-07 0 
0 0 0 0 0 0 0 0 0 0 
0 0 0 0 0 0 0 0 0 0 
0 5.03501e-07 9.46272e-07 1.27491e-06 1.44977e-06 1.44977e-06 1.27491e-06 9.46272e-07 5.03501e-07 0 
0 9.46272e-07 1.77841e-06 2.39605e-06 2.72468e-06 2.72468e-06 2.39605e-06 1.77841e-06 9.46272e-07 0 
0 1.27491e-06 2.39605e-06 3.22818e-06 3.67095e-06 3.67095e-06 3.22818e-06 2.39605e-06 1.27491e-06 0 
0 1.44977e-06 2.72468e-06 3.67095e-06 4.17446e-06 4.17446e-06 3.67095e-06 2.72468e-06 1.44977e-06 0 
0 1.44977e-06 2.72468e-06 3.67095e-06 4.17446e-06 4.17446e-06 3.67095e-06 2.72468e-06 1.44977e-06 0 
0 1.27491e-06 2.39605e-06 3.22818e-06 3.67095e-06 3.67095e-06 3.22818e-06 2.39605e-06 1.27491e-06 0 
0 9.46272e-07 1.77841e-06 2.39605e-06 2.72468e-06 2.72468e-06 2.39605e-06 1.77841e-06 9.46272e-07 0 
0 5.03501e-07 9.46272e-07 1.27491e-06 1.44977e-06 1.44977e-06 1.27491e-06 9.46272e-07 5.03501e-07 0 
0 0 0 0 0 0 0 0 0 0 
0 0 0 0 0 0 0 0 0 0 
0 3.34179e-07 6.28052e-07 8.46172e-07 9.62231e-07 9.62231e-07 8.46172e-07 6.28052e-07 3.34179e-07 0 
0 6.28052e-07 1.18035e-06 1.59028e-06 1.8084e-06 1.8084e-06 1.59028e-06 1.18035e-06 6.28052e-07 0 
0 8.46172e-07 1.59028e-06 2.14258e-06 2.43646e-06 2.43646e-06 2.14258e-06 1.59028e-06 8.46172e-07 0 
0 9.62231e-07 1.8084e-06 2.43646e-06 2.77063e-06 2.77063e-06 2.43646e-06 1.8084e-06 9.62231e-07 0 
0 9.62231e-07 1.8084e-06 2.43646e-06 2.77063e-06 2.77063e-06 2.43646e-06 1.8084e-06 9.62231e-07 0 
0 8.46172e-07 1.59028e-06 2.14258e-06 2.43646e-06 2.43646e-06 2.14258e-06 1.59028e-06 8.46172e-07 0 
0 6.28052e-07 1.18035e-06 1.59028e-06 1.8084e-06 1.8084e-06 1.59028e-06 1.18035e-06 6.28052e-07 0 
0 3.34179e-07 6.28052e-07 8.46172e-07 9.62231e-07 9.62231e-07 8.46172e-07 6.28052e-07 3.34179e-07 0 
0 0 0 0 0 0 0 0 0 0 
0 0 0 0 0 0 0 0 0 0 
0 2.21799e-07 4.16846e-07 5.61615e-07 6.38644e-07 6.38644e-07 5.61615e-07 4.16846e-07 2.21799e-07 0 
0 4.16846e-07 7.83413e-07 1.05549e-06 1.20026e-06 1.20026e-06 1.05549e-06 7.83413e-07 4.16846e-07 0 
0 5.61615e-07 1.05549e-06 1.42206e-06 1.6171e-06 1.6171e-06 1.42206e-06 1.05549e-06 5.61615e-07 0 
0 6.38644e-07 1.20026e-06 1.6171e-06 1.8389e-06 1.8389e-06 1.6171e-06 1.20026e-06 6.38644e-07 0 
0 6.38644e-07 1.20026e-06 1.6171e-06 1.8389e-06 1.8389e-06 1.6171e-06 1.20026e-06 6.38644e-07 0 
0 5.61615e-07 1.05549e-06 1.42206e-06 1.6171e-06 1.6171e-06 1.42206e-06 1.05549e-06 5.61615e-07 0 
0 4.16846e-07 7.83413e-07 1.05549e-06 1.20026e-06 1.20026e-06 1.05549e-06 7.83413e-07 4.16846e-07 0 
0 2.21799e-07 4.16846e-07 5.61615e-07 6.38644e-07 6.38644e-07 5.61615e-07 4.16846e-07 2.21799e-07 0 
0 0 0 0 0 0 0 0 0 0 
0 0 0 0 0 0 0 0 0 0 
0 1.47211e-07 2.76667e-07 3.72752e-07 4.23878e-07 4.23878e-07 3.72752e-07 2.76667e-07 1.47211e-07 0 
0 2.76667e-07 5.19964e-07 7.00545e-07 7.96631e-07 7.96631e-07 7.00545e-07 5.19964e-07 2.76667e-07 0 
0 3.72752e-07 7.00545e-07 9.43842e-07 1.0733e-06 1.0733e-06 9.43842e-07 7.00545e-07 3.72752e-07 0 
0 4.23878e-07 7.96631e-07 1.0733e-06 1.22051e-06 1.22051e-06 1.0733e-06 7.96631e-07 4.23878e-07 0 
0 4.23878e-07 7.96631e-07 1.0733e-06 1.22051e-06 1.22051e-06 1.0733e-06 7.96631e-07 4.23878e-07 0 
0 3.72752e-07 7.00545e-07 9.43842e-07 1.0733e-06 1.0733e-06 9.43842e-07 7.00545e-07 3.72752e-07 0 
0 2.76667e-07 5.19964e-07 7.00545e-07 7.96631e-07 7.96631e-07 7.00545e-07 5.19964e-07 2.76667e-07 0 
0 1.47211e-07 2.76667e-07 3.72752e-07 4.23878e-07 4.23878e-07 3.72752e-07 2.76667e-07 1.47211e-07 0 
0 0 0 0 0 0 0 0 0 0 
0 0 0 0 0 0 0 0 0 0 
0 9.77067e-08 1.83629e-07 2.47402e-07 2.81335e-07 2.81335e-07 2.47402e-07 1.83629e-07 9.77067e-08 0 
0 1.83629e-07 3.45109e-07 4.64964e-07 5.28738e-07 5.28738e-07 4.64964e-07 3.45109e-07 1.83629e-07 0 
0 2.47402e-07 4.64964e-07 6.26444e-07 7.12366e-07 7.12366e-07 6.26444e-07 4.64964e-07 2.47402e-07 0 
0 2.81335e-07 5.28738e-07 7.12366e-07 8.10073e-07 8.10073e-07 7.12366e-07 5.28738e-07 2.81335e-07 0 
0 2.81335e-07 5.28738e-07 7.12366e-07 8.10073e-07 8.10073e-07 7.12366e-07 5.28738e-07 2.81335e-07 0 
0 2.47402e-07 4.64964e-07 6.26444e-07 7.12366e-07 7.12366e-07 6.26444e-07 4.64964e-07 2.47402e-07 0 
0 1.83629e-07 3.45109e-07 4.64964e-07 5.28738e-07 5.28738e-07 4.64964e-07 3.45109e-07 1.83629e-07 0 
0 9.77067e-08 1.83629e-07 2.47402e-07 2.81335e-07 2.81335e-07 2.47402e-07 1.83629e-07 9.77067e-08 0 
0 0 0 0 0 0 0 0 0 0 
0 0 0 0 0 0 0 0 0 0 
0 6.48503e-08 1.21879e-07 1.64207e-07 1.86729e-07 1.86729e-07 1.64207e-07 1.21879e-07 6.48503e-08 0 
0 1.21879e-07 2.29057e-07 3.08608e-07 3.50936e-07 3.50936e-07 3.08608e-07 2.29057e-07 1.21879e-07 0 
0 1.64207e-07 3.08608e-07 4.15786e-07 4.72814e-07 4.72814e-07 4.15786e-07 3.08608e-07 1.64207e-07 0 
0 1.86729e-07 3.50936e-07 4.72814e-07 5.37665e-07 5.37665e-07 4.72814e-07 3.50936e-07 1.86729e-07 0 
0 1.86729e-07 3.50936e-07 4.72814e-07 5.37665e-07 5.37665e-07 4.72814e-07 3.50936e-07 1.86729e-07 0 
0 1.64207e-07 3.08608e-07 4.15786e-07 4.72814e-07 4.72814e-07 4.15786e-07 3.08608e-07 1.64207e-07 0 
0 1.21879e-07 2.29057e-07 3.08608e-07 3.50936e-07 3.50936e-07 3.08608e-07 2.29057e-07 1.21879e-07 0 
0 6.48503e-08 1.21879e-07 1.64207e-07 1.86729e-07 1.86729e-07 1.64207e-07 1.21879e-07 6.48503e-08 0 
0 0 0 0 0 0 0 0 0 0 
0 0 0 0 0 0 0 0 0 0 
0 4.3043e-08 8.08944e-08 1.08989e-07 1.23937e-07 1.23937e-07 1.08989e-07 8.08944e-08 4.3043e-08 0 
0 8.08944e-08 1.52032e-07 2.04832e-07 2.32926e-07 2.32926e-07 2.04832e-07 1.52032e-07 8.08944e-08 0 
0 1.08989e-07 2.04832e-07 2.75969e-07 3.13821e-07 3.13821e-07 2.75969e-07 2.04832e-07 1.08989e-07 0 
0 1.23937e-07 2.32926e-07 3.13821e-07 3.56864e-07 3.56864e-07 3.13821e-07 2.32926e-07 1.23937e-07 0 
0 1.23937e-07 2.32926e-07 3.13821e-07 3.56864e-07 3.56864e-07 3.13821e-07 2.32926e-07 1.23937e-07 0 
0 1.08989e-07 2.04832e-07 2.75969e-07 3.13821e-07 3.13821e-07 2.75969e-07 2.04832e-07 1.08989e-07 0 
0 8.08944e-08 1.52032e-07 2.04832e-07 2.32926e-07 2.32926e-07 2.04832e-07 1.52032e-07 8.08944e-08 0 
0 4.3043e-08 8.08944e-08 1.08989e-07 1.23937e-07 1.23937e-07 1.08989e-07 8.08944e-08 4.3043e-08 0 
0 0 0 0 0 0 0 0 0 0 
0 0 0 0 0 0 0 0 0 0 
0 2.85694e-08 5.36929e-08 7.23403e-08 8.22624e-08 8.22624e-08 7.23403e-08 5.36929e-08 2.85694e-08 0 
0 5.36929e-08 1.0091e-07 1.35955e-07 1.54603e-07 1.54603e-07 1.35955e-07 1.0091e-07 5.36929e-08 0 
0 7.23403e-08 1.35955e-07 1.83172e-07 2.08296e-07 2.08296e-07 1.83172e-07 1.35955e-07 7.23403e-08 0 
0 8.22624e-08 1.54603e-07 2.08296e-07 2.36865e-07 2.36865e-07 2.08296e-07 1.54603e-07 8.22624e-08 0 
0 8.22624e-08 1.54603e-07 2.08296e-07 2.36865e-07 2.36865e-07 2.08296e-07 1.54603e-07 8.22624e-08 0 
0 7.23403e-08 1.35955e-07 1.83172e-07 2.08296e-07 2.08296e-07 1.83172e-07 1.35955e-07 7.23403e-08 0 
0 5.36929e-08 1.0091e-07 1.35955e-07 1.54603e-07 1.54603e-07 1.35955e-07 1.0091e-07 5.36929e-08 0 
0 2.85694e-08 5.36929e-08 7.23403e-08 8.22624e-08 8.22624e-08 7.23403e-08 5.36929e-08 2.85694e-08 0 
0 0 0 0 0 0 0 0 0 0 
0 0 0 0 0 0 0 0 0 0 
0 1.89631e-08 3.56391e-08 4.80164e-08 5.46022e-08 5.46022e-08 4.80164e-08 3.56391e-08 1.89631e-08 0 
0 3.56391e-08 6.69795e-08 9.02413e-08 1.02619e-07 1.02619e-07 9.02413e-08 6.69795e-08 3.56391e-08 0 
0 4.80164e-08 9.02413e-08 1.21582e-07 1.38258e-07 1.38258e-07 1.21582e-07 9.02413e-08 4.80164e-08 0 
0 5.46022e-08 1.02619e-07 1.38258e-07 1.57221e-07 1.57221e-07 1.38258e-07 1.02619e-07 5.46022e-08 0 
0 5.46022e-08 1.02619e-07 1.38258e-07 1.57221e-07 1.57221e-07 1.38258e-07 1.02619e-07 5.46022e-08 0 
0 4.80164e-08 9.02413e-08 1.21582e-07 1.38258e-07 1.38258e-07 1.21582e-07 9.02413e-08 4.80164e-08 0 
0 3.56391e-08 6.69795e-08 9.02413e-08 1.02619e-07 1.02619e-07 9.02413e-08 6.69795e-08 3.56391e-08 0 
0 1.89631e-08 3.56391e-08 4.80164e-08 5.46022e-08 5.46022e-08 4.80164e-08 3.56391e-08 1.89631e-08 0 
0 0 0 0 0 0 0 0 0 0 
0 0 0 0 0 0 0 0 0 0 
0 1.25873e-08 2.36564e-08 3.18722e-08 3.62437e-08 3.62437e-08 3.18722e-08 2.36564e-08 1.25873e-08 0 
0 2.36564e-08 4.44595e-08 5.99001e-08 6.81159e-08 6.81159e-08 5.99001e-08 4.44595e-08 2.36564e-08 0 
0 3.18722e-08 5.99001e-08 8.07032e-08 9.17723e-08 9.17723e-08 8.07032e-08 5.99001e-08 3.18722e-08 0 
0 3.62437e-08 6.81159e-08 9.17723e-08 1.0436e-07 1.0436e-07 9.17723e-08 6.81159e-08 3.62437e-08 0 
0 3.62437e-08 6.81159e-08 9.17723e-08 1.0436e-07 1.0436e-07 9.17723e-08 6.81159e-08 3.62437e-08 0 
0 3.18722e-08 5.99001e-08 8.07032e-08 9.17723e-08 9.17723e-08 8.07032e-08 5.99001e-08 3.18722e-08 0 
0 2.36564e-08 4.44595e-08 5.99001e-08 6.81159e-08 6.81159e-08 5.99001e-08 4.44595e-08 2.36564e-08 0 
0 1.25873e-08 2.36564e-08 3.18722e-08 3.62437e-08 3.62437e-08 3.18722e-08 2.36564e-08 1.25873e-08 0 
0 0 0 0 0 0 0 0 0 0 
0 0 0 0 0 0 0 0 0 0 
0 8.35574e-09 1.57037e-08 2.11575e-08 2.40594e-08 2.40594e-08 2.11575e-08 1.57037e-08 8.35574e-09 0 
0 1.57037e-08 2.95132e-08 3.9763e-08 4.52169e-08 4.52169e-08 3.9763e-08 2.95132e-08 1.57037e-08 0 
0 2.11575e-08 3.9763e-08 5.35726e-08 6.09205e-08 6.09205e-08 5.35726e-08 3.9763e-08 2.11575e-08 0 
0 2.40594e-08 4.52169e-08 6.09205e-08 6.92763e-08 6.92763e-08 6.09205e-08 4.52169e-08 2.40594e-08 0 
0 2.40594e-08 4.52169e-08 6.09205e-08 6.92763e-08 6.92763e-08 6.09205e-08 4.52169e-08 2.40594e-08 0 
0 2.11575e-08 3.9763e-08 5.35726e-08 6.09205e-08 6.09205e-08 5.35726e-08 3.9763e-08 2.11575e-08 0 
0 1.57037e-08 2.95132e-08 3.9763e-08 4.52169e-08 4.52169e-08 3.9763e-08 2.95132e-08 1.57037e-08 0 
0 8.35574e-09 1.57037e-08 2.11575e-08 2.40594e-08 2.40594e-08 2.11575e-08 1.57037e-08 8.35574e-09 0 
0 0 0 0 0 0 0 0 0 0 
0 0 0 0 0 0 0 0 0 0 
0 5.547e-09 1.0425e-08 1.40455e-08 1.5972e-08 1.5972e-08 1.40455e-08 1.0425e-08 5.547e-09 0 
0 1.0425e-08 1.95925e-08 2.63969e-08 3.00175e-08 3.00175e-08 2.63969e-08 1.95925e-08 1.0425e-08 0 
0 1.40455e-08 2.63969e-08 3.55645e-08 4.04424e-08 4.04424e-08 3.55645e-08 2.63969e-08 1.40455e-08 0 
0 1.5972e-08 3.00175e-08 4.04424e-08 4.59894e-08 4.59894e-08 4.04424e-08 3.00175e-08 1.5972e-08 0 
0 1.5972e-08 3.00175e-08 4.04424e-08 4.59894e-08 4.59894e-08 4.04424e-08 3.00175e-08 1.5972e-08 0 
0 1.40455e-08 2.63969e-08 3.55645e-08 4.04424e-08 4.04424e-08 3.55645e-08 2.63969e-08 1.40455e-08 0 
0 1.0425e-08 1.95925e-08 2.63969e-08 3.00175e-08 3.00175e-08 2.63969e-08 1.95925e-08 1.0425e-08 0 
0 5.547e-09 1.0425e-08 1.40455e-08 1.5972e-08 1.5972e-08 1.40455e-08 1.0425e-08 5.547e-09 0 
0 0 0 0 0 0 0 0 0 0 
0 0 0 0 0 0 0 0 0 0 
0 3.68307e-09 6.9219e-09 9.32585e-09 1.0605e-08 1.0605e-08 9.32585e-09 6.9219e-09 3.68307e-09 0 
0 6.9219e-09 1.30089e-08 1.75269e-08 1.99308e-08 1.99308e-08 1.75269e-08 1.30089e-08 6.9219e-09 0 
0 9.32585e-09 1.75269e-08 2.36139e-08 2.68527e-08 2.68527e-08 2.36139e-08 1.75269e-08 9.32585e-09 0 
0 1.0605e-08 1.99308e-08 2.68527e-08 3.05358e-08 3.05358e-08 2.68527e-08 1.99308e-08 1.0605e-08 0 
0 1.0605e-08 1.99308e-08 2.68527e-08 3.05358e-08 3.05358e-08 2.68527e-08 1.99308e-08 1.0605e-08 0 
0 9.32585e-09 1.75269e-08 2.36139e-08 2.68527e-08 2.68527e-08 2.36139e-08 1.75269e-08 9.32585e-09 0 
0 6.9219e-09 1.30089e-08 1.75269e-08 1.99308e-08 1.99308e-08 1.75269e-08 1.30089e-08 6.9219e-09 0 
0 3.68307e-09 6.9219e-09 9.32585e-09 1.0605e-08 1.0605e-08 9.32585e-09 6.9219e-09 3.68307e-09 0 
0 0 0 0 0 0 0 0 0 0 
0 0 0 0 0 0 0 0 0 0 
0 2.44564e-09 4.59629e-09 6.19257e-09 7.04193e-09 7.04193e-09 6.19257e-09 4.59629e-09 2.44564e-09 0 
0 4.59629e-09 8.6382e-09 1.16382e-08 1.32345e-08 1.32345e-08 1.16382e-08 8.6382e-09 4.59629e-09 0 
0 6.19257e-09 1.16382e-08 1.56801e-08 1.78308e-08 1.78308e-08 1.56801e-08 1.16382e-08 6.19257e-09 0 
0 7.04193e-09 1.32345e-08 1.78308e-08 2.02764e-08 2.02764e-08 1.78308e-08 1.32345e-08 7.04193e-09 0 
0 7.04193e-09 1.32345e-08 1.78308e-08 2.02764e-08 2.02764e-08 1.78308e-08 1.32345e-08 7.04193e-09 0 
0 6.19257e-09 1.16382e-08 1.56801e-08 1.78308e-08 1.78308e-08 1.56801e-08 1.16382e-08 6.19257e-09 0 
0 4.59629e-09 8.6382e-09 1.16382e-08 1.32345e-08 1.32345e-08 1.16382e-08 8.6382e-09 4.59629e-09 0 
0 2.44564e-09 4.59629e-09 6.19257e-09 7.04193e-09 7.04193e-09 6.19257e-09 4.59629e-09 2.44564e-09 0 
0 0 0 0 0 0 0 0 0 0 
0 0 0 0 0 0 0 0 0 0 
0 1.62469e-09 3.05343e-09 4.11387e-09 4.67812e-09 4.67812e-09 4.11387e-09 3.05343e-09 1.62469e-09 0 
0 3.05343e-09 5.73856e-09 7.73155e-09 8.79199e-09 8.79199e-09 7.73155e-09 5.73856e-09 3.05343e-09 0 
0 4.11387e-09 7.73155e-09 1.04167e-08 1.18454e-08 1.18454e-08 1.04167e-08 7.73155e-09 4.11387e-09 0 
0 4.67812e-09 8.79199e-09 1.18454e-08 1.34701e-08 1.34701e-08 1.18454e-08 8.79199e-09 4.67812e-09 0 
0 4.67812e-09 8.79199e-09 1.18454e-08 1.34701e-08 1.34701e-08 1.18454e-08 8.79199e-09 4.67812e-09 0 
0 4.11387e-09 7.73155e-09 1.04167e-08 1.18454e-08 1.18454e-08 1.04167e-08 7.73155e-09 4.11387e-09 0 
0 3.05343e-09 5.73856e-09 7.73155e-09 8.79199e-09 8.79199e-09 7.73155e-09 5.73856e-09 3.05343e-09 0 
0 1.62469e-09 3.05343e-09 4.11387e-09 4.67812e-09 4.67812e-09 4.11387e-09 3.05343e-09 1.62469e-09 0 
0 0 0 0 0 0 0 0 0 0 
0 0 0 0 0 0 0 0 0 0 
0 1.07941e-09 2.02862e-09 2.73315e-09 3.10802e-09 3.10802e-09 2.73315e-09 2.02862e-09 1.07941e-09 0 
0 2.02862e-09 3.81256e-09 5.13664e-09 5.84117e-09 5.84117e-09 5.13664e-09 3.81256e-09 2.02862e-09 0 
0 2.73315e-09 5.13664e-09 6.92058e-09 7.86979e-09 7.86979e-09 6.92058e-09 5.13664e-09 2.73315e-09 0 
0 3.10802e-09 5.84117e-09 7.86979e-09 8.9492e-09 8.9492e-09 7.86979e-09 5.84117e-09 3.10802e-09 0 
0 3.10802e-09 5.84117e-09 7.86979e-09 8.9492e-09 8.9492e-09 7.86979e-09 5.84117e-09 3.10802e-09 0 
0 2.73315e-09 5.13664e-09 6.92058e-09 7.86979e-09 7.86979e-09 6.92058e-09 5.13664e-09 2.73315e-09 0 
0 2.02862e-09 3.81256e-09 5.13664e-09 5.84117e-09 5.84117e-09 5.13664e-09 3.81256e-09 2.02862e-09 0 
0 1.07941e-09 2.02862e-09 2.73315e-09 3.10802e-09 3.10802e-09 2.73315e-09 2.02862e-09 1.07941e-09 0 
0 0 0 0 0 0 0 0 0 0 
0 0 0 0 0 0 0 0 0 0 
0 7.17941e-10 1.34929e-09 1.81789e-09 2.06723e-09 2.06723e-09 1.81789e-09 1.34929e-09 7.17941e-10 0 
0 1.34929e-09 2.53583e-09 3.41652e-09 3.88512e-09 3.88512e-09 3.41652e-09 2.53583e-09 1.34929e-09 0 
0 1.81789e-09 3.41652e-09 4.60306e-09 5.23441e-09 5.23441e-09 4.60306e-09 3.41652e-09 1.81789e-09 0 
0 2.06723e-09 3.88512e-09 5.23441e-09 5.95235e-09 5.95235e-09 5.23441e-09 3.88512e-09 2.06723e-09 0 
0 2.06723e-09 3.88512e-09 5.23441e-09 5.95235e-09 5.95235e-09 5.23441e-09 3.88512e-09 2.06723e-09 0 
0 1.81789e-09 3.41652e-09 4.60306e-09 5.23441e-09 5.23441e-09 4.60306e-09 3.41652e-09 1.81789e-09 0 
0 1.34929e-09 2.53583e-09 3.41652e-09 3.88512e-09 3.88512e-09 3.41652e-09 2.53583e-09 1.34929e-09 0 
0 7.17941e-10 1.34929e-09 1.81789e-09 2.06723e-09 2.06723e-09 1.81789e-09 1.34929e-09 7.17941e-10 0 
0 0 0 0 0 0 0 0 0 0 
0 0 0 0 0 0 0 0 0 0 
0 4.77685e-10 8.97755e-10 1.20954e-09 1.37544e-09 1.37544e-09 1.20954e-09 8.97755e-10 4.77685e-10 0 
0 8.97755e-10 1.68723e-09 2.2732e-09 2.58498e-09 2.58498e-09 2.2732e-09 1.68723e-09 8.97755e-10 0 
0 1.20954e-09 2.2732e-09 3.06267e-09 3.48274e-09 3.48274e-09 3.06267e-09 2.2732e-09 1.20954e-09 0 
0 1.37544e-09 2.58498e-09 3.48274e-09 3.96042e-09 3.96042e-09 3.48274e-09 2.58498e-09 1.37544e-09 0 
0 1.37544e-09 2.58498e-09 3.48274e-09 3.96042e-09 3.96042e-09 3.48274e-09 2.58498e-09 1.37544e-09 0 
0 1.20954e-09 2.2732e-09 3.06267e-09 3.48274e-09 3.48274e-09 3.06267e-09 2.2732e-09 1.20954e-09 0 
0 8.97755e-10 1.68723e-09 2.2732e-09 2.58498e-09 2.58498e-09 2.2732e-09 1.68723e-09 8.97755e-10 0 
0 4.77685e-10 8.97755e-10 1.20954e-09 1.37544e-09 1.37544e-09 1.20954e-09 8.97755e-10 4.77685e-10 0 
0 0 0 0 0 0 0 0 0 0 
0 0 0 0 0 0 0 0 0 0 
0 3.18487e-10 5.98559e-10 8.06437e-10 9.17046e-10 9.17046e-10 8.06437e-10 5.98559e-10 3.18487e-10 0 
0 5.98559e-10 1.12492e-09 1.5156e-09 1.72348e-09 1.72348e-09 1.5156e-09 1.12492e-09 5.98559e-10 0 
0 8.06437e-10 1.5156e-09 2.04197e-09 2.32204e-09 2.32204e-09 2.04197e-09 1.5156e-09 8.06437e-10 0 
0 9.17046e-10 1.72348e-09 2.32204e-09 2.64053e-09 2.64053e-09 2.32204e-09 1.72348e-09 9.17046e-10 0 
0 9.17046e-10 1.72348e-09 2.32204e-09 2.64053e-09 2.64053e-09 2.32204e-09 1.72348e-09 9.17046e-10 0 
0 8.06437e-10 1.5156e-09 2.04197e-09 2.32204e-09 2.32204e-09 2.04197e-09 1.5156e-09 8.06437e-10 0 
0 5.98559e-10 1.12492e-09 1.5156e-09 1.72348e-09 1.72348e-09 1.5156e-09 1.12492e-09 5.98559e-10 0 
