0 0 0 0 0 0 0 0 0 0 
0 0.116978 0.219846 0.296198 0.336824 0.336824 0.296198 0.219846 0.116978 0 
0 0.219846 0.413176 0.55667 0.633022 0.633022 0.55667 0.413176 0.219846 0 
0 0.296198 0.55667 0.75 0.852869 0.852869 0.75 0.55667 0.296198 0 
0 0.336824 0.633022 0.852869 0.969846 0.969846 0.852869 0.633022 0.336824 0 
0 0.336824 0.633022 0.852869 0.969846 0.969846 0.852869 0.633022 0.336824 0 
0 0.296198 0.55667 0.75 0.852869 0.852869 0.75 0.55667 0.296198 0 
0 0.219846 0.413176 0.55667 0.633022 0.633022 0.55667 0.413176 0.219846 0 
0 0.116978 0.219846 0.296198 0.336824 0.336824 0.296198 0.219846 0.116978 0 
0 0 0 0 0 0 0 0 0 0 
0 0 0 0 0 0 0 0 0 0 
0 0.0595332 0.111886 0.150743 0.171419 0.171419 0.150743 0.111886 0.0595332 0 
0 0.111886 0.210276 0.283305 0.322162 0.322162 0.283305 0.210276 0.111886 0 
0 0.150743 0.283305 0.381695 0.434048 0.434048 0.381695 0.283305 0.150743 0 
0 0.171419 0.322162 0.434048 0.493581 0.493581 0.434048 0.322162 0.171419 0 
0 0.171419 0.322162 0.434048 0.493581 0.493581 0.434048 0.322162 0.171419 0 
0 0.150743 0.283305 0.381695 0.434048 0.434048 0.381695 0.283305 0.150743 0 
0 0.111886 0.210276 0.283305 0.322162 0.322162 0.283305 0.210276 0.111886 0 
0 0.0595332 0.111886 0.150743 0.171419 0.171419 0.150743 0.111886 0.0595332 0 
0 0 0 0 0 0 0 0 0 0 
0 0 0 0 0 0 0 0 0 0 
0 2.09552e-08 3.93829e-08 5.30605e-08 6.03382e-08 6.03382e-08 5.30605e-08 3.93829e-08 2.09552e-08 0 
0 3.93829e-08 7.40157e-08 9.97211e-08 1.13399e-07 1.13399e-07 9.97211e-08 7.40157e-08 3.93829e-08 0 
0 5.30605e-08 9.97211e-08 1.34354e-07 1.52782e-07 1.52782e-07 1.34354e-07 9.97211e-08 5.30605e-08 0 
0 6.03382e-08 1.13399e-07 1.52782e-07 1.73737e-07 1.73737e-07 1.52782e-07 1.13399e-07 6.03382e-08 0 
0 6.03382e-08 1.13399e-07 1.52782e-07 1.73737e-07 1.73737e-07 1.52782e-07 1.13399e-07 6.03382e-08 0 
0 5.30605e-08 9.97211e-08 1.34354e-07 1.52782e-07 1.52782e-07 1.34354e-07 9.97211e-08 5.30605e-08 0 
0 3.93829e-08 7.40157e-08 9.97211e-08 1.13399e-07 1.13399e-07 9.97211e-08 7.40157e-08 3.93829e-08 0 
0 2.09552e-08 3.93829e-08 5.30605e-08 6.03382e-08 6.03382e-08 5.30605e-08 3.93829e-08 2.09552e-08 0 
0 0 0 0 0 0 0 0 0 0 
