0 0 0 0 0 0 0 0 0 0 
0 0.116978 0.219846 0.296198 0.336824 0.336824 0.296198 0.219846 0.116978 0 
0 0.219846 0.413176 0.55667 0.633022 0.633022 0.55667 0.413176 0.219846 0 
0 0.296198 0.55667 0.75 0.852869 0.852869 0.75 0.55667 0.296198 0 
0 0.336824 0.633022 0.852869 0.969846 0.969846 0.852869 0.633022 0.336824 0 
0 0.336824 0.633022 0.852869 0.969846 0.969846 0.852869 0.633022 0.336824 0 
0 0.296198 0.55667 0.75 0.852869 0.852869 0.75 0.55667 0.296198 0 
0 0.219846 0.413176 0.55667 0.633022 0.633022 0.55667 0.413176 0.219846 0 
0 0.116978 0.219846 0.296198 0.336824 0.336824 0.296198 0.219846 0.116978 0 
0 0 0 0 0 0 0 0 0 0 
0 0 0 0 0 0 0 0 0 0 
0 0.0789079 0.148298 0.199802 0.227206 0.227206 0.199802 0.148298 0.0789079 0 
0 0.148298 0.27871 0.375505 0.427008 0.427008 0.375505 0.27871 0.148298 0 
0 0.199802 0.375505 0.505916 0.575307 0.575307 0.505916 0.375505 0.199802 0 
0 0.227206 0.427008 0.575307 0.654215 0.654215 0.575307 0.427008 0.227206 0 
0 0.227206 0.427008 0.575307 0.654215 0.654215 0.575307 0.427008 0.227206 0 
0 0.199802 0.375505 0.505916 0.575307 0.575307 0.505916 0.375505 0.199802 0 
0 0.148298 0.27871 0.375505 0.427008 0.427008 0.375505 0.27871 0.148298 0 
0 0.0789079 0.148298 0.199802 0.227206 0.227206 0.199802 0.148298 0.0789079 0 
0 0 0 0 0 0 0 0 0 0 
0 0 0 0 0 0 0 0 0 0 
0 7.31081e-10 1.37398e-09 1.85116e-09 2.10506e-09 2.10506e-09 1.85116e-09 1.37398e-09 7.31081e-10 0 
0 1.37398e-09 2.58224e-09 3.47904e-09 3.95622e-09 3.95622e-09 3.47904e-09 2.58224e-09 1.37398e-09 0 
0 1.85116e-09 3.47904e-09 4.6873e-09 5.33021e-09 5.33021e-09 4.6873e-09 3.47904e-09 1.85116e-09 0 
0 2.10506e-09 3.95622e-09 5.33021e-09 6.06129e-09 6.06129e-09 5.33021e-09 3.95622e-09 2.10506e-09 0 
0 2.10506e-09 3.95622e-09 5.33021e-09 6.06129e-09 6.06129e-09 5.33021e-09 3.95622e-09 2.10506e-09 0 
0 1.85116e-09 3.47904e-09 4.6873e-09 5.33021e-09 5.33021e-09 4.6873e-09 3.47904e-09 1.85116e-09 0 
0 1.37398e-09 2.58224e-09 3.47904e-09 3.95622e-09 3.95622e-09 3.47904e-09 2.58224e-09 1.37398e-09 0 
0 7.31081e-10 1.37398e-09 1.85116e-09 2.10506e-09 2.10506e-09 1.85116e-09 1.37398e-09 7.31081e-10 0 
0 0 0 0 0 0 0 0 0 0 
