0 0 0 0 0 0 0 0 0 0 
0 0.116978 0.219846 0.296198 0.336824 0.336824 0.296198 0.219846 0.116978 0 
0 0.219846 0.413176 0.55667 0.633022 0.633022 0.55667 0.413176 0.219846 0 
0 0.296198 0.55667 0.75 0.852869 0.852869 0.75 0.55667 0.296198 0 
0 0.336824 0.633022 0.852869 0.969846 0.969846 0.852869 0.633022 0.336824 0 
0 0.336824 0.633022 0.852869 0.969846 0.969846 0.852869 0.633022 0.336824 0 
0 0.296198 0.55667 0.75 0.852869 0.852869 0.75 0.55667 0.296198 0 
0 0.219846 0.413176 0.55667 0.633022 0.633022 0.55667 0.413176 0.219846 0 
0 0.116978 0.219846 0.296198 0.336824 0.336824 0.296198 0.219846 0.116978 0 
0 0 0 0 0 0 0 0 0 0 
0 0 0 0 0 0 0 0 0 0 
0 0.0942435 0.17712 0.238633 0.271363 0.271363 0.238633 0.17712 0.0942435 0 
0 0.17712 0.332876 0.448483 0.509996 0.509996 0.448483 0.332876 0.17712 0 
0 0.238633 0.448483 0.60424 0.687116 0.687116 0.60424 0.448483 0.238633 0 
0 0.271363 0.509996 0.687116 0.781359 0.781359 0.687116 0.509996 0.271363 0 
0 0.271363 0.509996 0.687116 0.781359 0.781359 0.687116 0.509996 0.271363 0 
0 0.238633 0.448483 0.60424 0.687116 0.687116 0.60424 0.448483 0.238633 0 
0 0.17712 0.332876 0.448483 0.509996 0.509996 0.448483 0.332876 0.17712 0 
0 0.0942435 0.17712 0.238633 0.271363 0.271363 0.238633 0.17712 0.0942435 0 
0 0 0 0 0 0 0 0 0 0 
0 0 0 0 0 0 0 0 0 0 
0 0.0759275 0.142697 0.192255 0.218625 0.218625 0.192255 0.142697 0.0759275 0 
0 0.142697 0.268183 0.361322 0.41088 0.41088 0.361322 0.268183 0.142697 0 
0 0.192255 0.361322 0.486807 0.553577 0.553577 0.486807 0.361322 0.192255 0 
0 0.218625 0.41088 0.553577 0.629504 0.629504 0.553577 0.41088 0.218625 0 
0 0.218625 0.41088 0.553577 0.629504 0.629504 0.553577 0.41088 0.218625 0 
0 0.192255 0.361322 0.486807 0.553577 0.553577 0.486807 0.361322 0.192255 0 
0 0.142697 0.268183 0.361322 0.41088 0.41088 0.361322 0.268183 0.142697 0 
0 0.0759275 0.142697 0.192255 0.218625 0.218625 0.192255 0.142697 0.0759275 0 
0 0 0 0 0 0 0 0 0 0 
0 0 0 0 0 0 0 0 0 0 
0 0.0611712 0.114964 0.154891 0.176135 0.176135 0.154891 0.114964 0.0611712 0 
0 0.114964 0.216062 0.2911 0.331026 0.331026 0.2911 0.216062 0.114964 0 
0 0.154891 0.2911 0.392198 0.445991 0.445991 0.392198 0.2911 0.154891 0 
0 0.176135 0.331026 0.445991 0.507162 0.507162 0.445991 0.331026 0.176135 0 
0 0.176135 0.331026 0.445991 0.507162 0.507162 0.445991 0.331026 0.176135 0 
0 0.154891 0.2911 0.392198 0.445991 0.445991 0.392198 0.2911 0.154891 0 
0 0.114964 0.216062 0.2911 0.331026 0.331026 0.2911 0.216062 0.114964 0 
0 0.0611712 0.114964 0.154891 0.176135 0.176135 0.154891 0.114964 0.0611712 0 
0 0 0 0 0 0 0 0 0 0 
0 0 0 0 0 0 0 0 0 0 
0 0.0492828 0.0926213 0.124788 0.141904 0.141904 0.124788 0.0926213 0.0492828 0 
0 0.0926213 0.174071 0.234525 0.266692 0.266692 0.234525 0.174071 0.0926213 0 
0 0.124788 0.234525 0.315975 0.359314 0.359314 0.315975 0.234525 0.124788 0 
0 0.141904 0.266692 0.359314 0.408596 0.408596 0.359314 0.266692 0.141904 0 
0 0.141904 0.266692 0.359314 0.408596 0.408596 0.359314 0.266692 0.141904 0 
0 0.124788 0.234525 0.315975 0.359314 0.359314 0.315975 0.234525 0.124788 0 
0 0.0926213 0.174071 0.234525 0.266692 0.266692 0.234525 0.174071 0.0926213 0 
0 0.0492828 0.0926213 0.124788 0.141904 0.141904 0.124788 0.0926213 0.0492828 0 
0 0 0 0 0 0 0 0 0 0 
0 0 0 0 0 0 0 0 0 0 
0 0.0397048 0.0746206 0.100536 0.114325 0.114325 0.100536 0.0746206 0.0397048 0 
0 0.0746206 0.140241 0.188946 0.214861 0.214861 0.188946 0.140241 0.0746206 0 
0 0.100536 0.188946 0.254566 0.289482 0.289482 0.254566 0.188946 0.100536 0 
0 0.114325 0.214861 0.289482 0.329187 0.329187 0.289482 0.214861 0.114325 0 
0 0.114325 0.214861 0.289482 0.329187 0.329187 0.289482 0.214861 0.114325 0 
0 0.100536 0.188946 0.254566 0.289482 0.289482 0.254566 0.188946 0.100536 0 
0 0.0746206 0.140241 0.188946 0.214861 0.214861 0.188946 0.140241 0.0746206 0 
0 0.0397048 0.0746206 0.100536 0.114325 0.114325 0.100536 0.0746206 0.0397048 0 
0 0 0 0 0 0 0 0 0 0 
0 0 0 0 0 0 0 0 0 0 
0 0.0319883 0.0601183 0.0809972 0.0921066 0.0921066 0.0809972 0.0601183 0.0319883 0 
0 0.0601183 0.112985 0.152225 0.173104 0.173104 0.152225 0.112985 0.0601183 0 
0 0.0809972 0.152225 0.205092 0.233222 0.233222 0.205092 0.152225 0.0809972 0 
0 0.0921066 0.173104 0.233222 0.26521 0.26521 0.233222 0.173104 0.0921066 0 
0 0.0921066 0.173104 0.233222 0.26521 0.26521 0.233222 0.173104 0.0921066 0 
0 0.0809972 0.152225 0.205092 0.233222 0.233222 0.205092 0.152225 0.0809972 0 
0 0.0601183 0.112985 0.152225 0.173104 0.173104 0.152225 0.112985 0.0601183 0 
0 0.0319883 0.0601183 0.0809972 0.0921066 0.0921066 0.0809972 0.0601183 0.0319883 0 
0 0 0 0 0 0 0 0 0 0 
0 0 0 0 0 0 0 0 0 0 
0 0.0257714 0.0484345 0.0652556 0.0742059 0.0742059 0.0652556 0.0484345 0.0257714 0 
0 0.0484345 0.091027 0.12264 0.139461 0.139461 0.12264 0.091027 0.0484345 0 
0 0.0652556 0.12264 0.165233 0.187896 0.187896 0.165233 0.12264 0.0652556 0 
0 0.0742059 0.139461 0.187896 0.213667 0.213667 0.187896 0.139461 0.0742059 0 
0 0.0742059 0.139461 0.187896 0.213667 0.213667 0.187896 0.139461 0.0742059 0 
0 0.0652556 0.12264 0.165233 0.187896 0.187896 0.165233 0.12264 0.0652556 0 
0 0.0484345 0.091027 0.12264 0.139461 0.139461 0.12264 0.091027 0.0484345 0 
0 0.0257714 0.0484345 0.0652556 0.0742059 0.0742059 0.0652556 0.0484345 0.0257714 0 
0 0 0 0 0 0 0 0 0 0 
0 0 0 0 0 0 0 0 0 0 
0 0.0207628 0.0390214 0.0525733 0.0597842 0.0597842 0.0525733 0.0390214 0.0207628 0 
0 0.0390214 0.0733362 0.0988056 0.112358 0.112358 0.0988056 0.0733362 0.0390214 0 
0 0.0525733 0.0988056 0.13312 0.151379 0.151379 0.13312 0.0988056 0.0525733 0 
0 0.0597842 0.112358 0.151379 0.172142 0.172142 0.151379 0.112358 0.0597842 0 
0 0.0597842 0.112358 0.151379 0.172142 0.172142 0.151379 0.112358 0.0597842 0 
0 0.0525733 0.0988056 0.13312 0.151379 0.151379 0.13312 0.0988056 0.0525733 0 
0 0.0390214 0.0733362 0.0988056 0.112358 0.112358 0.0988056 0.0733362 0.0390214 0 
0 0.0207628 0.0390214 0.0525733 0.0597842 0.0597842 0.0525733 0.0390214 0.0207628 0 
0 0 0 0 0 0 0 0 0 0 
0 0 0 0 0 0 0 0 0 0 
0 0.0167276 0.0314377 0.0423559 0.0481653 0.0481653 0.0423559 0.0314377 0.0167276 0 
0 0.0314377 0.0590835 0.079603 0.0905212 0.0905212 0.079603 0.0590835 0.0314377 0 
0 0.0423559 0.079603 0.107249 0.121959 0.121959 0.107249 0.079603 0.0423559 0 
0 0.0481653 0.0905212 0.121959 0.138686 0.138686 0.121959 0.0905212 0.0481653 0 
0 0.0481653 0.0905212 0.121959 0.138686 0.138686 0.121959 0.0905212 0.0481653 0 
0 0.0423559 0.079603 0.107249 0.121959 0.121959 0.107249 0.079603 0.0423559 0 
0 0.0314377 0.0590835 0.079603 0.0905212 0.0905212 0.079603 0.0590835 0.0314377 0 
0 0.0167276 0.0314377 0.0423559 0.0481653 0.0481653 0.0423559 0.0314377 0.0167276 0 
0 0 0 0 0 0 0 0 0 0 
0 0 0 0 0 0 0 0 0 0 
0 0.0134767 0.0253278 0.0341241 0.0388045 0.0388045 0.0341241 0.0253278 0.0134767 0 
0 0.0253278 0.0476008 0.0641324 0.0729286 0.0729286 0.0641324 0.0476008 0.0253278 0 
0 0.0341241 0.0641324 0.0864053 0.0982565 0.0982565 0.0864053 0.0641324 0.0341241 0 
0 0.0388045 0.0729286 0.0982565 0.111733 0.111733 0.0982565 0.0729286 0.0388045 0 
0 0.0388045 0.0729286 0.0982565 0.111733 0.111733 0.0982565 0.0729286 0.0388045 0 
0 0.0341241 0.0641324 0.0864053 0.0982565 0.0982565 0.0864053 0.0641324 0.0341241 0 
0 0.0253278 0.0476008 0.0641324 0.0729286 0.0729286 0.0641324 0.0476008 0.0253278 0 
0 0.0134767 0.0253278 0.0341241 0.0388045 0.0388045 0.0341241 0.0253278 0.0134767 0 
0 0 0 0 0 0 0 0 0 0 
0 0 0 0 0 0 0 0 0 0 
0 0.0108575 0.0204054 0.0274922 0.031263 0.031263 0.0274922 0.0204054 0.0108575 0 
0 0.0204054 0.0383497 0.0516684 0.0587551 0.0587551 0.0516684 0.0383497 0.0204054 0 
0 0.0274922 0.0516684 0.0696127 0.0791606 0.0791606 0.0696127 0.0516684 0.0274922 0 
0 0.031263 0.0587551 0.0791606 0.0900181 0.0900181 0.0791606 0.0587551 0.031263 0 
0 0.031263 0.0587551 0.0791606 0.0900181 0.0900181 0.0791606 0.0587551 0.031263 0 
0 0.0274922 0.0516684 0.0696127 0.0791606 0.0791606 0.0696127 0.0516684 0.0274922 0 
0 0.0204054 0.0383497 0.0516684 0.0587551 0.0587551 0.0516684 0.0383497 0.0204054 0 
0 0.0108575 0.0204054 0.0274922 0.031263 0.031263 0.0274922 0.0204054 0.0108575 0 
0 0 0 0 0 0 0 0 0 0 
0 0 0 0 0 0 0 0 0 0 
0 0.00874738 0.0164397 0.0221492 0.0251871 0.0251871 0.0221492 0.0164397 0.00874738 0 
0 0.0164397 0.0308965 0.0416268 0.0473362 0.0473362 0.0416268 0.0308965 0.0164397 0 
0 0.0221492 0.0416268 0.0560836 0.063776 0.063776 0.0560836 0.0416268 0.0221492 0 
0 0.0251871 0.0473362 0.063776 0.0725233 0.0725233 0.063776 0.0473362 0.0251871 0 
0 0.0251871 0.0473362 0.063776 0.0725233 0.0725233 0.063776 0.0473362 0.0251871 0 
0 0.0221492 0.0416268 0.0560836 0.063776 0.063776 0.0560836 0.0416268 0.0221492 0 
0 0.0164397 0.0308965 0.0416268 0.0473362 0.0473362 0.0416268 0.0308965 0.0164397 0 
0 0.00874738 0.0164397 0.0221492 0.0251871 0.0251871 0.0221492 0.0164397 0.00874738 0 
0 0 0 0 0 0 0 0 0 0 
0 0 0 0 0 0 0 0 0 0 
0 0.00704735 0.0132447 0.0178445 0.020292 0.020292 0.0178445 0.0132447 0.00704735 0 
0 0.0132447 0.0248919 0.0335367 0.0381366 0.0381366 0.0335367 0.0248919 0.0132447 0 
0 0.0178445 0.0335367 0.0451839 0.0513813 0.0513813 0.0451839 0.0335367 0.0178445 0 
0 0.020292 0.0381366 0.0513813 0.0584286 0.0584286 0.0513813 0.0381366 0.020292 0 
0 0.020292 0.0381366 0.0513813 0.0584286 0.0584286 0.0513813 0.0381366 0.020292 0 
0 0.0178445 0.0335367 0.0451839 0.0513813 0.0513813 0.0451839 0.0335367 0.0178445 0 
0 0.0132447 0.0248919 0.0335367 0.0381366 0.0381366 0.0335367 0.0248919 0.0132447 0 
0 0.00704735 0.0132447 0.0178445 0.020292 0.020292 0.0178445 0.0132447 0.00704735 0 
0 0 0 0 0 0 0 0 0 0 
0 0 0 0 0 0 0 0 0 0 
0 0.00567772 0.0106706 0.0143765 0.0163483 0.0163483 0.0143765 0.0106706 0.00567772 0 
0 0.0106706 0.0200542 0.027019 0.0307248 0.0307248 0.027019 0.0200542 0.0106706 0 
0 0.0143765 0.027019 0.0364026 0.0413955 0.0413955 0.0364026 0.027019 0.0143765 0 
0 0.0163483 0.0307248 0.0413955 0.0470732 0.0470732 0.0413955 0.0307248 0.0163483 0 
0 0.0163483 0.0307248 0.0413955 0.0470732 0.0470732 0.0413955 0.0307248 0.0163483 0 
0 0.0143765 0.027019 0.0364026 0.0413955 0.0413955 0.0364026 0.027019 0.0143765 0 
0 0.0106706 0.0200542 0.027019 0.0307248 0.0307248 0.027019 0.0200542 0.0106706 0 
0 0.00567772 0.0106706 0.0143765 0.0163483 0.0163483 0.0143765 0.0106706 0.00567772 0 
0 0 0 0 0 0 0 0 0 0 
0 0 0 0 0 0 0 0 0 0 
0 0.00457427 0.00859682 0.0115825 0.0131711 0.0131711 0.0115825 0.00859682 0.00457427 0 
0 0.00859682 0.0161567 0.0217679 0.0247536 0.0247536 0.0217679 0.0161567 0.00859682 0 
0 0.0115825 0.0217679 0.0293278 0.0333504 0.0333504 0.0293278 0.0217679 0.0115825 0 
0 0.0131711 0.0247536 0.0333504 0.0379246 0.0379246 0.0333504 0.0247536 0.0131711 0 
0 0.0131711 0.0247536 0.0333504 0.0379246 0.0379246 0.0333504 0.0247536 0.0131711 0 
0 0.0115825 0.0217679 0.0293278 0.0333504 0.0333504 0.0293278 0.0217679 0.0115825 0 
0 0.00859682 0.0161567 0.0217679 0.0247536 0.0247536 0.0217679 0.0161567 0.00859682 0 
0 0.00457427 0.00859682 0.0115825 0.0131711 0.0131711 0.0115825 0.00859682 0.00457427 0 
0 0 0 0 0 0 0 0 0 0 
0 0 0 0 0 0 0 0 0 0 
0 0.00368527 0.00692605 0.00933144 0.0106113 0.0106113 0.00933144 0.00692605 0.00368527 0 
0 0.00692605 0.0130167 0.0175374 0.0199428 0.0199428 0.0175374 0.0130167 0.00692605 0 
0 0.00933144 0.0175374 0.023628 0.0268688 0.0268688 0.023628 0.0175374 0.00933144 0 
0 0.0106113 0.0199428 0.0268688 0.0305541 0.0305541 0.0268688 0.0199428 0.0106113 0 
0 0.0106113 0.0199428 0.0268688 0.0305541 0.0305541 0.0268688 0.0199428 0.0106113 0 
0 0.00933144 0.0175374 0.023628 0.0268688 0.0268688 0.023628 0.0175374 0.00933144 0 
0 0.00692605 0.0130167 0.0175374 0.0199428 0.0199428 0.0175374 0.0130167 0.00692605 0 
0 0.00368527 0.00692605 0.00933144 0.0106113 0.0106113 0.00933144 0.00692605 0.00368527 0 
0 0 0 0 0 0 0 0 0 0 
0 0 0 0 0 0 0 0 0 0 
0 0.00296905 0.00557999 0.0075179 0.00854904 0.00854904 0.0075179 0.00557999 0.00296905 0 
0 0.00557999 0.010487 0.014129 0.0160669 0.0160669 0.014129 0.010487 0.00557999 0 
0 0.0075179 0.014129 0.019036 0.0216469 0.0216469 0.019036 0.014129 0.0075179 0 
0 0.00854904 0.0160669 0.0216469 0.024616 0.024616 0.0216469 0.0160669 0.00854904 0 
0 0.00854904 0.0160669 0.0216469 0.024616 0.024616 0.0216469 0.0160669 0.00854904 0 
0 0.0075179 0.014129 0.019036 0.0216469 0.0216469 0.019036 0.014129 0.0075179 0 
0 0.00557999 0.010487 0.014129 0.0160669 0.0160669 0.014129 0.010487 0.00557999 0 
0 0.00296905 0.00557999 0.0075179 0.00854904 0.00854904 0.0075179 0.00557999 0.00296905 0 
0 0 0 0 0 0 0 0 0 0 
0 0 0 0 0 0 0 0 0 0 
0 0.00239202 0.00449554 0.00605682 0.00688756 0.00688756 0.00605682 0.00449554 0.00239202 0 
0 0.00449554 0.00844884 0.0113831 0.0129444 0.0129444 0.0113831 0.00844884 0.00449554 0 
0 0.00605682 0.0113831 0.0153364 0.0174399 0.0174399 0.0153364 0.0113831 0.00605682 0 
0 0.00688756 0.0129444 0.0174399 0.0198319 0.0198319 0.0174399 0.0129444 0.00688756 0 
0 0.00688756 0.0129444 0.0174399 0.0198319 0.0198319 0.0174399 0.0129444 0.00688756 0 
0 0.00605682 0.0113831 0.0153364 0.0174399 0.0174399 0.0153364 0.0113831 0.00605682 0 
0 0.00449554 0.00844884 0.0113831 0.0129444 0.0129444 0.0113831 0.00844884 0.00449554 0 
0 0.00239202 0.00449554 0.00605682 0.00688756 0.00688756 0.00605682 0.00449554 0.00239202 0 
0 0 0 0 0 0 0 0 0 0 
0 0 0 0 0 0 0 0 0 0 
0 0.00192714 0.00362184 0.00487969 0.00554898 0.00554898 0.00487969 0.00362184 0.00192714 0 
0 0.00362184 0.00680683 0.00917082 0.0104287 0.0104287 0.00917082 0.00680683 0.00362184 0 
0 0.00487969 0.00917082 0.0123558 0.0140505 0.0140505 0.0123558 0.00917082 0.00487969 0 
0 0.00554898 0.0104287 0.0140505 0.0159777 0.0159777 0.0140505 0.0104287 0.00554898 0 
0 0.00554898 0.0104287 0.0140505 0.0159777 0.0159777 0.0140505 0.0104287 0.00554898 0 
0 0.00487969 0.00917082 0.0123558 0.0140505 0.0140505 0.0123558 0.00917082 0.00487969 0 
0 0.00362184 0.00680683 0.00917082 0.0104287 0.0104287 0.00917082 0.00680683 0.00362184 0 
0 0.00192714 0.00362184 0.00487969 0.00554898 0.00554898 0.00487969 0.00362184 0.00192714 0 
0 0 0 0 0 0 0 0 0 0 
0 0 0 0 0 0 0 0 0 0 
0 0.00155261 0.00291795 0.00393134 0.00447055 0.00447055 0.00393134 0.00291795 0.00155261 0 
0 0.00291795 0.00548395 0.0073885 0.00840189 0.00840189 0.0073885 0.00548395 0.00291795 0 
0 0.00393134 0.0073885 0.0099545 0.0113198 0.0113198 0.0099545 0.0073885 0.00393134 0 
0 0.00447055 0.00840189 0.0113198 0.0128724 0.0128724 0.0113198 0.00840189 0.00447055 0 
0 0.00447055 0.00840189 0.0113198 0.0128724 0.0128724 0.0113198 0.00840189 0.00447055 0 
0 0.00393134 0.0073885 0.0099545 0.0113198 0.0113198 0.0099545 0.0073885 0.00393134 0 
0 0.00291795 0.00548395 0.0073885 0.00840189 0.00840189 0.0073885 0.00548395 0.00291795 0 
0 0.00155261 0.00291795 0.00393134 0.00447055 0.00447055 0.00393134 0.00291795 0.00155261 0 
0 0 0 0 0 0 0 0 0 0 
0 0 0 0 0 0 0 0 0 0 
0 0.00125086 0.00235085 0.00316729 0.00360171 0.00360171 0.00316729 0.00235085 0.00125086 0 
0 0.00235085 0.00441816 0.00595256 0.00676901 0.00676901 0.00595256 0.00441816 0.00235085 0 
0 0.00316729 0.00595256 0.00801987 0.00911986 0.00911986 0.00801987 0.00595256 0.00316729 0 
0 0.00360171 0.00676901 0.00911986 0.0103707 0.0103707 0.00911986 0.00676901 0.00360171 0 
0 0.00360171 0.00676901 0.00911986 0.0103707 0.0103707 0.00911986 0.00676901 0.00360171 0 
0 0.00316729 0.00595256 0.00801987 0.00911986 0.00911986 0.00801987 0.00595256 0.00316729 0 
0 0.00235085 0.00441816 0.00595256 0.00676901 0.00676901 0.00595256 0.00441816 0.00235085 0 
0 0.00125086 0.00235085 0.00316729 0.00360171 0.00360171 0.00316729 0.00235085 0.00125086 0 
0 0 0 0 0 0 0 0 0 0 
0 0 0 0 0 0 0 0 0 0 
0 0.00100776 0.00189397 0.00255174 0.00290173 0.00290173 0.00255174 0.00189397 0.00100776 0 
0 0.00189397 0.0035595 0.0047957 0.00545347 0.00545347 0.0047957 0.0035595 0.00189397 0 
0 0.00255174 0.0047957 0.00646123 0.00734744 0.00734744 0.00646123 0.0047957 0.00255174 0 
0 0.00290173 0.00545347 0.00734744 0.0083552 0.0083552 0.00734744 0.00545347 0.00290173 0 
0 0.00290173 0.00545347 0.00734744 0.0083552 0.0083552 0.00734744 0.00545347 0.00290173 0 
0 0.00255174 0.0047957 0.00646123 0.00734744 0.00734744 0.00646123 0.0047957 0.00255174 0 
0 0.00189397 0.0035595 0.0047957 0.00545347 0.00545347 0.0047957 0.0035595 0.00189397 0 
0 0.00100776 0.00189397 0.00255174 0.00290173 0.00290173 0.00255174 0.00189397 0.00100776 0 
0 0 0 0 0 0 0 0 0 0 
0 0 0 0 0 0 0 0 0 0 
0 0.000811905 0.00152588 0.00205582 0.00233779 0.00233779 0.00205582 0.00152588 0.000811905 0 
0 0.00152588 0.00286772 0.00386367 0.0043936 0.0043936 0.00386367 0.00286772 0.00152588 0 
0 0.00205582 0.00386367 0.00520551 0.00591948 0.00591948 0.00520551 0.00386367 0.00205582 0 
0 0.00233779 0.0043936 0.00591948 0.00673139 0.00673139 0.00591948 0.0043936 0.00233779 0 
0 0.00233779 0.0043936 0.00591948 0.00673139 0.00673139 0.00591948 0.0043936 0.00233779 0 
0 0.00205582 0.00386367 0.00520551 0.00591948 0.00591948 0.00520551 0.00386367 0.00205582 0 
0 0.00152588 0.00286772 0.00386367 0.0043936 0.0043936 0.00386367 0.00286772 0.00152588 0 
0 0.000811905 0.00152588 0.00205582 0.00233779 0.00233779 0.00205582 0.00152588 0.000811905 0 
0 0 0 0 0 0 0 0 0 0 
0 0 0 0 0 0 0 0 0 0 
0 0.000654113 0.00122933 0.00165627 0.00188344 0.00188344 0.00165627 0.00122933 0.000654113 0 
0 0.00122933 0.00231039 0.00311278 0.00353972 0.00353972 0.00311278 0.00231039 0.00122933 0 
0 0.00165627 0.00311278 0.00419383 0.00476905 0.00476905 0.00419383 0.00311278 0.00165627 0 
0 0.00188344 0.00353972 0.00476905 0.00542316 0.00542316 0.00476905 0.00353972 0.00188344 0 
0 0.00188344 0.00353972 0.00476905 0.00542316 0.00542316 0.00476905 0.00353972 0.00188344 0 
0 0.00165627 0.00311278 0.00419383 0.00476905 0.00476905 0.00419383 0.00311278 0.00165627 0 
0 0.00122933 0.00231039 0.00311278 0.00353972 0.00353972 0.00311278 0.00231039 0.00122933 0 
0 0.000654113 0.00122933 0.00165627 0.00188344 0.00188344 0.00165627 0.00122933 0.000654113 0 
0 0 0 0 0 0 0 0 0 0 
0 0 0 0 0 0 0 0 0 0 
0 0.000526988 0.000990414 0.00133438 0.0015174 0.0015174 0.00133438 0.000990414 0.000526988 0 
0 0.000990414 0.00186137 0.00250782 0.00285178 0.00285178 0.00250782 0.00186137 0.000990414 0 
0 0.00133438 0.00250782 0.00337877 0.0038422 0.0038422 0.00337877 0.00250782 0.00133438 0 
0 0.0015174 0.00285178 0.0038422 0.00436919 0.00436919 0.0038422 0.00285178 0.0015174 0 
0 0.0015174 0.00285178 0.0038422 0.00436919 0.00436919 0.0038422 0.00285178 0.0015174 0 
0 0.00133438 0.00250782 0.00337877 0.0038422 0.0038422 0.00337877 0.00250782 0.00133438 0 
0 0.000990414 0.00186137 0.00250782 0.00285178 0.00285178 0.00250782 0.00186137 0.000990414 0 
0 0.000526988 0.000990414 0.00133438 0.0015174 0.0015174 0.00133438 0.000990414 0.000526988 0 
0 0 0 0 0 0 0 0 0 0 
0 0 0 0 0 0 0 0 0 0 
0 0.00042457 0.00079793 0.00107505 0.0012225 0.0012225 0.00107505 0.00079793 0.00042457 0 
0 0.00079793 0.00149962 0.00202043 0.00229755 0.00229755 0.00202043 0.00149962 0.00079793 0 
0 0.00107505 0.00202043 0.00272212 0.00309548 0.00309548 0.00272212 0.00202043 0.00107505 0 
0 0.0012225 0.00229755 0.00309548 0.00352005 0.00352005 0.00309548 0.00229755 0.0012225 0 
0 0.0012225 0.00229755 0.00309548 0.00352005 0.00352005 0.00309548 0.00229755 0.0012225 0 
0 0.00107505 0.00202043 0.00272212 0.00309548 0.00309548 0.00272212 0.00202043 0.00107505 0 
0 0.00079793 0.00149962 0.00202043 0.00229755 0.00229755 0.00202043 0.00149962 0.00079793 0 
0 0.00042457 0.00079793 0.00107505 0.0012225 0.0012225 0.00107505 0.00079793 0.00042457 0 
0 0 0 0 0 0 0 0 0 0 
0 0 0 0 0 0 0 0 0 0 
0 0.000342056 0.000642854 0.000866115 0.00098491 0.00098491 0.000866115 0.000642854 0.000342056 0 
0 0.000642854 0.00120817 0.00162776 0.00185103 0.00185103 0.00162776 0.00120817 0.000642854 0 
0 0.000866115 0.00162776 0.00219308 0.00249388 0.00249388 0.00219308 0.00162776 0.000866115 0 
0 0.00098491 0.00185103 0.00249388 0.00283594 0.00283594 0.00249388 0.00185103 0.00098491 0 
0 0.00098491 0.00185103 0.00249388 0.00283594 0.00283594 0.00249388 0.00185103 0.00098491 0 
0 0.000866115 0.00162776 0.00219308 0.00249388 0.00249388 0.00219308 0.00162776 0.000866115 0 
0 0.000642854 0.00120817 0.00162776 0.00185103 0.00185103 0.00162776 0.00120817 0.000642854 0 
0 0.000342056 0.000642854 0.000866115 0.00098491 0.00098491 0.000866115 0.000642854 0.000342056 0 
0 0 0 0 0 0 0 0 0 0 
0 0 0 0 0 0 0 0 0 0 
0 0.000275578 0.000517917 0.000697788 0.000793496 0.000793496 0.000697788 0.000517917 0.000275578 0 
0 0.000517917 0.000973366 0.00131141 0.00149128 0.00149128 0.00131141 0.000973366 0.000517917 0 
0 0.000697788 0.00131141 0.00176686 0.0020092 0.0020092 0.00176686 0.00131141 0.000697788 0 
0 0.000793496 0.00149128 0.0020092 0.00228478 0.00228478 0.0020092 0.00149128 0.000793496 0 
0 0.000793496 0.00149128 0.0020092 0.00228478 0.00228478 0.0020092 0.00149128 0.000793496 0 
0 0.000697788 0.00131141 0.00176686 0.0020092 0.0020092 0.00176686 0.00131141 0.000697788 0 
0 0.000517917 0.000973366 0.00131141 0.00149128 0.00149128 0.00131141 0.000973366 0.000517917 0 
0 0.000275578 0.000517917 0.000697788 0.000793496 0.000793496 0.000697788 0.000517917 0.000275578 0 
0 0 0 0 0 0 0 0 0 0 
0 0 0 0 0 0 0 0 0 0 
0 0.00022202 0.000417262 0.000562175 0.000639282 0.000639282 0.000562175 0.000417262 0.00022202 0 
0 0.000417262 0.000784195 0.00105654 0.00120146 0.00120146 0.00105654 0.000784195 0.000417262 0 
0 0.000562175 0.00105654 0.00142348 0.00161872 0.00161872 0.00142348 0.00105654 0.000562175 0 
0 0.000639282 0.00120146 0.00161872 0.00184074 0.00184074 0.00161872 0.00120146 0.000639282 0 
0 0.000639282 0.00120146 0.00161872 0.00184074 0.00184074 0.00161872 0.00120146 0.000639282 0 
0 0.000562175 0.00105654 0.00142348 0.00161872 0.00161872 0.00142348 0.00105654 0.000562175 0 
0 0.000417262 0.000784195 0.00105654 0.00120146 0.00120146 0.00105654 0.000784195 0.000417262 0 
0 0.00022202 0.000417262 0.000562175 0.000639282 0.000639282 0.000562175 0.000417262 0.00022202 0 
0 0 0 0 0 0 0 0 0 0 
0 0 0 0 0 0 0 0 0 0 
0 0.000178871 0.000336168 0.000452918 0.000515039 0.000515039 0.000452918 0.000336168 0.000178871 0 
0 0.000336168 0.000631789 0.000851207 0.000967957 0.000967957 0.000851207 0.000631789 0.000336168 0 
0 0.000452918 0.000851207 0.00114683 0.00130413 0.00130413 0.00114683 0.000851207 0.000452918 0 
0 0.000515039 0.000967957 0.00130413 0.001483 0.001483 0.00130413 0.000967957 0.000515039 0 
0 0.000515039 0.000967957 0.00130413 0.001483 0.001483 0.00130413 0.000967957 0.000515039 0 
0 0.000452918 0.000851207 0.00114683 0.00130413 0.00130413 0.00114683 0.000851207 0.000452918 0 
0 0.000336168 0.000631789 0.000851207 0.000967957 0.000967957 0.000851207 0.000631789 0.000336168 0 
0 0.000178871 0.000336168 0.000452918 0.000515039 0.000515039 0.000452918 0.000336168 0.000178871 0 
0 0 0 0 0 0 0 0 0 0 
0 0 0 0 0 0 0 0 0 0 
0 0.000144108 0.000270835 0.000364895 0.000414943 0.000414943 0.000364895 0.000270835 0.000144108 0 
0 0.000270835 0.000509003 0.000685777 0.000779837 0.000779837 0.000685777 0.000509003 0.000270835 0 
0 0.000364895 0.000685777 0.000923945 0.00105067 0.00105067 0.000923945 0.000685777 0.000364895 0 
0 0.000414943 0.000779837 0.00105067 0.00119478 0.00119478 0.00105067 0.000779837 0.000414943 0 
0 0.000414943 0.000779837 0.00105067 0.00119478 0.00119478 0.00105067 0.000779837 0.000414943 0 
0 0.000364895 0.000685777 0.000923945 0.00105067 0.00105067 0.000923945 0.000685777 0.000364895 0 
0 0.000270835 0.000509003 0.000685777 0.000779837 0.000779837 0.000685777 0.000509003 0.000270835 0 
0 0.000144108 0.000270835 0.000364895 0.000414943 0.000414943 0.000364895 0.000270835 0.000144108 0 
0 0 0 0 0 0 0 0 0 0 
0 0 0 0 0 0 0 0 0 0 
0 0.000116101 0.000218199 0.000293978 0.0003343 0.0003343 0.000293978 0.000218199 0.000116101 0 
0 0.000218199 0.000410079 0.000552499 0.000628278 0.000628278 0.000552499 0.000410079 0.000218199 0 
0 0.000293978 0.000552499 0.000744379 0.000846477 0.000846477 0.000744379 0.000552499 0.000293978 0 
0 0.0003343 0.000628278 0.000846477 0.000962578 0.000962578 0.000846477 0.000628278 0.0003343 0 
0 0.0003343 0.000628278 0.000846477 0.000962578 0.000962578 0.000846477 0.000628278 0.0003343 0 
0 0.000293978 0.000552499 0.000744379 0.000846477 0.000846477 0.000744379 0.000552499 0.000293978 0 
0 0.000218199 0.000410079 0.000552499 0.000628278 0.000628278 0.000552499 0.000410079 0.000218199 0 
0 0.000116101 0.000218199 0.000293978 0.0003343 0.0003343 0.000293978 0.000218199 0.000116101 0 
0 0 0 0 0 0 0 0 0 0 
0 0 0 0 0 0 0 0 0 0 
0 9.35372e-05 0.000175792 0.000236844 0.00026933 0.00026933 0.000236844 0.000175792 9.35372e-05 0 
0 0.000175792 0.000330382 0.000445122 0.000506174 0.000506174 0.000445122 0.000330382 0.000175792 0 
0 0.000236844 0.000445122 0.000599711 0.000681966 0.000681966 0.000599711 0.000445122 0.000236844 0 
0 0.00026933 0.000506174 0.000681966 0.000775504 0.000775504 0.000681966 0.000506174 0.00026933 0 
0 0.00026933 0.000506174 0.000681966 0.000775504 0.000775504 0.000681966 0.000506174 0.00026933 0 
0 0.000236844 0.000445122 0.000599711 0.000681966 0.000681966 0.000599711 0.000445122 0.000236844 0 
0 0.000175792 0.000330382 0.000445122 0.000506174 0.000506174 0.000445122 0.000330382 0.000175792 0 
0 9.35372e-05 0.000175792 0.000236844 0.00026933 0.00026933 0.000236844 0.000175792 9.35372e-05 0 
0 0 0 0 0 0 0 0 0 0 
0 0 0 0 0 0 0 0 0 0 
0 7.53585e-05 0.000141628 0.000190814 0.000216986 0.000216986 0.000190814 0.000141628 7.53585e-05 0 
0 0.000141628 0.000266173 0.000358614 0.000407801 0.000407801 0.000358614 0.000266173 0.000141628 0 
0 0.000190814 0.000358614 0.000483159 0.000549428 0.000549428 0.000483159 0.000358614 0.000190814 0 
0 0.000216986 0.000407801 0.000549428 0.000624787 0.000624787 0.000549428 0.000407801 0.000216986 0 
0 0.000216986 0.000407801 0.000549428 0.000624787 0.000624787 0.000549428 0.000407801 0.000216986 0 
0 0.000190814 0.000358614 0.000483159 0.000549428 0.000549428 0.000483159 0.000358614 0.000190814 0 
0 0.000141628 0.000266173 0.000358614 0.000407801 0.000407801 0.000358614 0.000266173 0.000141628 0 
0 7.53585e-05 0.000141628 0.000190814 0.000216986 0.000216986 0.000190814 0.000141628 7.53585e-05 0 
0 0 0 0 0 0 0 0 0 0 
0 0 0 0 0 0 0 0 0 0 
0 6.07128e-05 0.000114103 0.00015373 0.000174815 0.000174815 0.00015373 0.000114103 6.07128e-05 0 
0 0.000114103 0.000214443 0.000288918 0.000328546 0.000328546 0.000288918 0.000214443 0.000114103 0 
0 0.00015373 0.000288918 0.000389258 0.000442648 0.000442648 0.000389258 0.000288918 0.00015373 0 
0 0.000174815 0.000328546 0.000442648 0.000503361 0.000503361 0.000442648 0.000328546 0.000174815 0 
0 0.000174815 0.000328546 0.000442648 0.000503361 0.000503361 0.000442648 0.000328546 0.000174815 0 
0 0.00015373 0.000288918 0.000389258 0.000442648 0.000442648 0.000389258 0.000288918 0.00015373 0 
0 0.000114103 0.000214443 0.000288918 0.000328546 0.000328546 0.000288918 0.000214443 0.000114103 0 
0 6.07128e-05 0.000114103 0.00015373 0.000174815 0.000174815 0.00015373 0.000114103 6.07128e-05 0 
0 0 0 0 0 0 0 0 0 0 
0 0 0 0 0 0 0 0 0 0 
0 4.89134e-05 9.19272e-05 0.000123853 0.000140841 0.000140841 0.000123853 9.19272e-05 4.89134e-05 0 
0 9.19272e-05 0.000172767 0.000232768 0.000264694 0.000264694 0.000232768 0.000172767 9.19272e-05 0 
0 0.000123853 0.000232768 0.000313607 0.000356621 0.000356621 0.000313607 0.000232768 0.000123853 0 
0 0.000140841 0.000264694 0.000356621 0.000405534 0.000405534 0.000356621 0.000264694 0.000140841 0 
0 0.000140841 0.000264694 0.000356621 0.000405534 0.000405534 0.000356621 0.000264694 0.000140841 0 
0 0.000123853 0.000232768 0.000313607 0.000356621 0.000356621 0.000313607 0.000232768 0.000123853 0 
0 9.19272e-05 0.000172767 0.000232768 0.000264694 0.000264694 0.000232768 0.000172767 9.19272e-05 0 
0 4.89134e-05 9.19272e-05 0.000123853 0.000140841 0.000140841 0.000123853 9.19272e-05 4.89134e-05 0 
0 0 0 0 0 0 0 0 0 0 
0 0 0 0 0 0 0 0 0 0 
0 3.94072e-05 7.40614e-05 9.97826e-05 0.000113469 0.000113469 9.97826e-05 7.40614e-05 3.94072e-05 0 
0 7.40614e-05 0.00013919 0.00018753 0.000213251 0.000213251 0.00018753 0.00013919 7.40614e-05 0 
0 9.97826e-05 0.00018753 0.000252658 0.000287313 0.000287313 0.000252658 0.00018753 9.97826e-05 0 
0 0.000113469 0.000213251 0.000287313 0.00032672 0.00032672 0.000287313 0.000213251 0.000113469 0 
0 0.000113469 0.000213251 0.000287313 0.00032672 0.00032672 0.000287313 0.000213251 0.000113469 0 
0 9.97826e-05 0.00018753 0.000252658 0.000287313 0.000287313 0.000252658 0.00018753 9.97826e-05 0 
0 7.40614e-05 0.00013919 0.00018753 0.000213251 0.000213251 0.00018753 0.00013919 7.40614e-05 0 
0 3.94072e-05 7.40614e-05 9.97826e-05 0.000113469 0.000113469 9.97826e-05 7.40614e-05 3.94072e-05 0 
0 0 0 0 0 0 0 0 0 0 
0 0 0 0 0 0 0 0 0 0 
0 3.17485e-05 5.96677e-05 8.03901e-05 9.14163e-05 9.14163e-05 8.03901e-05 5.96677e-05 3.17485e-05 0 
0 5.96677e-05 0.000112139 0.000151084 0.000171806 0.000171806 0.000151084 0.000112139 5.96677e-05 0 
0 8.03901e-05 0.000151084 0.000203555 0.000231474 0.000231474 0.000203555 0.000151084 8.03901e-05 0 
0 9.14163e-05 0.000171806 0.000231474 0.000263223 0.000263223 0.000231474 0.000171806 9.14163e-05 0 
0 9.14163e-05 0.000171806 0.000231474 0.000263223 0.000263223 0.000231474 0.000171806 9.14163e-05 0 
0 8.03901e-05 0.000151084 0.000203555 0.000231474 0.000231474 0.000203555 0.000151084 8.03901e-05 0 
0 5.96677e-05 0.000112139 0.000151084 0.000171806 0.000171806 0.000151084 0.000112139 5.96677e-05 0 
0 3.17485e-05 5.96677e-05 8.03901e-05 9.14163e-05 9.14163e-05 8.03901e-05 5.96677e-05 3.17485e-05 0 
0 0 0 0 0 0 0 0 0 0 
0 0 0 0 0 0 0 0 0 0 
0 2.55783e-05 4.80715e-05 6.47665e-05 7.36498e-05 7.36498e-05 6.47665e-05 4.80715e-05 2.55783e-05 0 
0 4.80715e-05 9.03448e-05 0.000121721 0.000138416 0.000138416 0.000121721 9.03448e-05 4.80715e-05 0 
0 6.47665e-05 0.000121721 0.000163995 0.000186488 0.000186488 0.000163995 0.000121721 6.47665e-05 0 
0 7.36498e-05 0.000138416 0.000186488 0.000212066 0.000212066 0.000186488 0.000138416 7.36498e-05 0 
0 7.36498e-05 0.000138416 0.000186488 0.000212066 0.000212066 0.000186488 0.000138416 7.36498e-05 0 
0 6.47665e-05 0.000121721 0.000163995 0.000186488 0.000186488 0.000163995 0.000121721 6.47665e-05 0 
0 4.80715e-05 9.03448e-05 0.000121721 0.000138416 0.000138416 0.000121721 9.03448e-05 4.80715e-05 0 
0 2.55783e-05 4.80715e-05 6.47665e-05 7.36498e-05 7.36498e-05 6.47665e-05 4.80715e-05 2.55783e-05 0 
0 0 0 0 0 0 0 0 0 0 
0 0 0 0 0 0 0 0 0 0 
0 2.06072e-05 3.87289e-05 5.21793e-05 5.93362e-05 5.93362e-05 5.21793e-05 3.87289e-05 2.06072e-05 0 
0 3.87289e-05 7.27866e-05 9.80651e-05 0.000111516 0.000111516 9.80651e-05 7.27866e-05 3.87289e-05 0 
0 5.21793e-05 9.80651e-05 0.000132123 0.000150244 0.000150244 0.000132123 9.80651e-05 5.21793e-05 0 
0 5.93362e-05 0.000111516 0.000150244 0.000170852 0.000170852 0.000150244 0.000111516 5.93362e-05 0 
0 5.93362e-05 0.000111516 0.000150244 0.000170852 0.000170852 0.000150244 0.000111516 5.93362e-05 0 
0 5.21793e-05 9.80651e-05 0.000132123 0.000150244 0.000150244 0.000132123 9.80651e-05 5.21793e-05 0 
0 3.87289e-05 7.27866e-05 9.80651e-05 0.000111516 0.000111516 9.80651e-05 7.27866e-05 3.87289e-05 0 
0 2.06072e-05 3.87289e-05 5.21793e-05 5.93362e-05 5.93362e-05 5.21793e-05 3.87289e-05 2.06072e-05 0 
0 0 0 0 0 0 0 0 0 0 
0 0 0 0 0 0 0 0 0 0 
0 1.66023e-05 3.12021e-05 4.20384e-05 4.78043e-05 4.78043e-05 4.20384e-05 3.12021e-05 1.66023e-05 0 
0 3.12021e-05 5.86407e-05 7.90064e-05 8.98428e-05 8.98428e-05 7.90064e-05 5.86407e-05 3.12021e-05 0 
0 4.20384e-05 7.90064e-05 0.000106445 0.000121045 0.000121045 0.000106445 7.90064e-05 4.20384e-05 0 
0 4.78043e-05 8.98428e-05 0.000121045 0.000137647 0.000137647 0.000121045 8.98428e-05 4.78043e-05 0 
0 4.78043e-05 8.98428e-05 0.000121045 0.000137647 0.000137647 0.000121045 8.98428e-05 4.78043e-05 0 
0 4.20384e-05 7.90064e-05 0.000106445 0.000121045 0.000121045 0.000106445 7.90064e-05 4.20384e-05 0 
0 3.12021e-05 5.86407e-05 7.90064e-05 8.98428e-05 8.98428e-05 7.90064e-05 5.86407e-05 3.12021e-05 0 
0 1.66023e-05 3.12021e-05 4.20384e-05 4.78043e-05 4.78043e-05 4.20384e-05 3.12021e-05 1.66023e-05 0 
0 0 0 0 0 0 0 0 0 0 
0 0 0 0 0 0 0 0 0 0 
0 1.33757e-05 2.5138e-05 3.38684e-05 3.85137e-05 3.85137e-05 3.38684e-05 2.5138e-05 1.33757e-05 0 
0 2.5138e-05 4.72441e-05 6.36517e-05 7.23821e-05 7.23821e-05 6.36517e-05 4.72441e-05 2.5138e-05 0 
0 3.38684e-05 6.36517e-05 8.57578e-05 9.75201e-05 9.75201e-05 8.57578e-05 6.36517e-05 3.38684e-05 0 
0 3.85137e-05 7.23821e-05 9.75201e-05 0.000110896 0.000110896 9.75201e-05 7.23821e-05 3.85137e-05 0 
0 3.85137e-05 7.23821e-05 9.75201e-05 0.000110896 0.000110896 9.75201e-05 7.23821e-05 3.85137e-05 0 
0 3.38684e-05 6.36517e-05 8.57578e-05 9.75201e-05 9.75201e-05 8.57578e-05 6.36517e-05 3.38684e-05 0 
0 2.5138e-05 4.72441e-05 6.36517e-05 7.23821e-05 7.23821e-05 6.36517e-05 4.72441e-05 2.5138e-05 0 
0 1.33757e-05 2.5138e-05 3.38684e-05 3.85137e-05 3.85137e-05 3.38684e-05 2.5138e-05 1.33757e-05 0 
0 0 0 0 0 0 0 0 0 0 
0 0 0 0 0 0 0 0 0 0 
0 1.07761e-05 2.02525e-05 2.72862e-05 3.10287e-05 3.10287e-05 2.72862e-05 2.02525e-05 1.07761e-05 0 
0 2.02525e-05 3.80623e-05 5.12812e-05 5.83148e-05 5.83148e-05 5.12812e-05 3.80623e-05 2.02525e-05 0 
0 2.72862e-05 5.12812e-05 6.9091e-05 7.85674e-05 7.85674e-05 6.9091e-05 5.12812e-05 2.72862e-05 0 
0 3.10287e-05 5.83148e-05 7.85674e-05 8.93435e-05 8.93435e-05 7.85674e-05 5.83148e-05 3.10287e-05 0 
0 3.10287e-05 5.83148e-05 7.85674e-05 8.93435e-05 8.93435e-05 7.85674e-05 5.83148e-05 3.10287e-05 0 
0 2.72862e-05 5.12812e-05 6.9091e-05 7.85674e-05 7.85674e-05 6.9091e-05 5.12812e-05 2.72862e-05 0 
0 2.02525e-05 3.80623e-05 5.12812e-05 5.83148e-05 5.83148e-05 5.12812e-05 3.80623e-05 2.02525e-05 0 
0 1.07761e-05 2.02525e-05 2.72862e-05 3.10287e-05 3.10287e-05 2.72862e-05 2.02525e-05 1.07761e-05 0 
0 0 0 0 0 0 0 0 0 0 
0 0 0 0 0 0 0 0 0 0 
0 8.68183e-06 1.63165e-05 2.19832e-05 2.49983e-05 2.49983e-05 2.19832e-05 1.63165e-05 8.68183e-06 0 
0 1.63165e-05 3.0665e-05 4.13149e-05 4.69815e-05 4.69815e-05 4.13149e-05 3.0665e-05 1.63165e-05 0 
0 2.19832e-05 4.13149e-05 5.56634e-05 6.3298e-05 6.3298e-05 5.56634e-05 4.13149e-05 2.19832e-05 0 
0 2.49983e-05 4.69815e-05 6.3298e-05 7.19799e-05 7.19799e-05 6.3298e-05 4.69815e-05 2.49983e-05 0 
0 2.49983e-05 4.69815e-05 6.3298e-05 7.19799e-05 7.19799e-05 6.3298e-05 4.69815e-05 2.49983e-05 0 
0 2.19832e-05 4.13149e-05 5.56634e-05 6.3298e-05 6.3298e-05 5.56634e-05 4.13149e-05 2.19832e-05 0 
0 1.63165e-05 3.0665e-05 4.13149e-05 4.69815e-05 4.69815e-05 4.13149e-05 3.0665e-05 1.63165e-05 0 
0 8.68183e-06 1.63165e-05 2.19832e-05 2.49983e-05 2.49983e-05 2.19832e-05 1.63165e-05 8.68183e-06 0 
0 0 0 0 0 0 0 0 0 0 
0 0 0 0 0 0 0 0 0 0 
0 6.99454e-06 1.31454e-05 1.77108e-05 2.014e-05 2.014e-05 1.77108e-05 1.31454e-05 6.99454e-06 0 
0 1.31454e-05 2.47054e-05 3.32854e-05 3.78508e-05 3.78508e-05 3.32854e-05 2.47054e-05 1.31454e-05 0 
0 1.77108e-05 3.32854e-05 4.48453e-05 5.09962e-05 5.09962e-05 4.48453e-05 3.32854e-05 1.77108e-05 0 
0 2.014e-05 3.78508e-05 5.09962e-05 5.79908e-05 5.79908e-05 5.09962e-05 3.78508e-05 2.014e-05 0 
0 2.014e-05 3.78508e-05 5.09962e-05 5.79908e-05 5.79908e-05 5.09962e-05 3.78508e-05 2.014e-05 0 
0 1.77108e-05 3.32854e-05 4.48453e-05 5.09962e-05 5.09962e-05 4.48453e-05 3.32854e-05 1.77108e-05 0 
0 1.31454e-05 2.47054e-05 3.32854e-05 3.78508e-05 3.78508e-05 3.32854e-05 2.47054e-05 1.31454e-05 0 
0 6.99454e-06 1.31454e-05 1.77108e-05 2.014e-05 2.014e-05 1.77108e-05 1.31454e-05 6.99454e-06 0 
0 0 0 0 0 0 0 0 0 0 
0 0 0 0 0 0 0 0 0 0 
0 5.63517e-06 1.05907e-05 1.42688e-05 1.62258e-05 1.62258e-05 1.42688e-05 1.05907e-05 5.63517e-06 0 
0 1.05907e-05 1.99039e-05 2.68165e-05 3.04946e-05 3.04946e-05 2.68165e-05 1.99039e-05 1.05907e-05 0 
0 1.42688e-05 2.68165e-05 3.61298e-05 4.10853e-05 4.10853e-05 3.61298e-05 2.68165e-05 1.42688e-05 0 
0 1.62258e-05 3.04946e-05 4.10853e-05 4.67204e-05 4.67204e-05 4.10853e-05 3.04946e-05 1.62258e-05 0 
0 1.62258e-05 3.04946e-05 4.10853e-05 4.67204e-05 4.67204e-05 4.10853e-05 3.04946e-05 1.62258e-05 0 
0 1.42688e-05 2.68165e-05 3.61298e-05 4.10853e-05 4.10853e-05 3.61298e-05 2.68165e-05 1.42688e-05 0 
0 1.05907e-05 1.99039e-05 2.68165e-05 3.04946e-05 3.04946e-05 2.68165e-05 1.99039e-05 1.05907e-05 0 
0 5.63517e-06 1.05907e-05 1.42688e-05 1.62258e-05 1.62258e-05 1.42688e-05 1.05907e-05 5.63517e-06 0 
0 0 0 0 0 0 0 0 0 0 
0 0 0 0 0 0 0 0 0 0 
0 4.54e-06 8.5324e-06 1.14957e-05 1.30724e-05 1.30724e-05 1.14957e-05 8.5324e-06 4.54e-06 0 
0 8.5324e-06 1.60357e-05 2.16048e-05 2.45681e-05 2.45681e-05 2.16048e-05 1.60357e-05 8.5324e-06 0 
0 1.14957e-05 2.16048e-05 2.91081e-05 3.31005e-05 3.31005e-05 2.91081e-05 2.16048e-05 1.14957e-05 0 
0 1.30724e-05 2.45681e-05 3.31005e-05 3.76405e-05 3.76405e-05 3.31005e-05 2.45681e-05 1.30724e-05 0 
0 1.30724e-05 2.45681e-05 3.31005e-05 3.76405e-05 3.76405e-05 3.31005e-05 2.45681e-05 1.30724e-05 0 
0 1.14957e-05 2.16048e-05 2.91081e-05 3.31005e-05 3.31005e-05 2.91081e-05 2.16048e-05 1.14957e-05 0 
0 8.5324e-06 1.60357e-05 2.16048e-05 2.45681e-05 2.45681e-05 2.16048e-05 1.60357e-05 8.5324e-06 0 
0 4.54e-06 8.5324e-06 1.14957e-05 1.30724e-05 1.30724e-05 1.14957e-05 8.5324e-06 4.54e-06 0 
0 0 0 0 0 0 0 0 0 0 
0 0 0 0 0 0 0 0 0 0 
0 3.65766e-06 6.87415e-06 9.26152e-06 1.05318e-05 1.05318e-05 9.26152e-06 6.87415e-06 3.65766e-06 0 
0 6.87415e-06 1.29192e-05 1.7406e-05 1.97933e-05 1.97933e-05 1.7406e-05 1.29192e-05 6.87415e-06 0 
0 9.26152e-06 1.7406e-05 2.3451e-05 2.66675e-05 2.66675e-05 2.3451e-05 1.7406e-05 9.26152e-06 0 
0 1.05318e-05 1.97933e-05 2.66675e-05 3.03252e-05 3.03252e-05 2.66675e-05 1.97933e-05 1.05318e-05 0 
0 1.05318e-05 1.97933e-05 2.66675e-05 3.03252e-05 3.03252e-05 2.66675e-05 1.97933e-05 1.05318e-05 0 
0 9.26152e-06 1.7406e-05 2.3451e-05 2.66675e-05 2.66675e-05 2.3451e-05 1.7406e-05 9.26152e-06 0 
0 6.87415e-06 1.29192e-05 1.7406e-05 1.97933e-05 1.97933e-05 1.7406e-05 1.29192e-05 6.87415e-06 0 
0 3.65766e-06 6.87415e-06 9.26152e-06 1.05318e-05 1.05318e-05 9.26152e-06 6.87415e-06 3.65766e-06 0 
0 0 0 0 0 0 0 0 0 0 
0 0 0 0 0 0 0 0 0 0 
0 2.94681e-06 5.53818e-06 7.46157e-06 8.48499e-06 8.48499e-06 7.46157e-06 5.53818e-06 2.94681e-06 0 
0 5.53818e-06 1.04084e-05 1.40232e-05 1.59466e-05 1.59466e-05 1.40232e-05 1.04084e-05 5.53818e-06 0 
0 7.46157e-06 1.40232e-05 1.88934e-05 2.14847e-05 2.14847e-05 1.88934e-05 1.40232e-05 7.46157e-06 0 
0 8.48499e-06 1.59466e-05 2.14847e-05 2.44316e-05 2.44316e-05 2.14847e-05 1.59466e-05 8.48499e-06 0 
0 8.48499e-06 1.59466e-05 2.14847e-05 2.44316e-05 2.44316e-05 2.14847e-05 1.59466e-05 8.48499e-06 0 
0 7.46157e-06 1.40232e-05 1.88934e-05 2.14847e-05 2.14847e-05 1.88934e-05 1.40232e-05 7.46157e-06 0 
0 5.53818e-06 1.04084e-05 1.40232e-05 1.59466e-05 1.59466e-05 1.40232e-05 1.04084e-05 5.53818e-06 0 
0 2.94681e-06 5.53818e-06 7.46157e-06 8.48499e-06 8.48499e-06 7.46157e-06 5.53818e-06 2.94681e-06 0 
0 0 0 0 0 0 0 0 0 0 
0 0 0 0 0 0 0 0 0 0 
0 2.3741e-06 4.46185e-06 6.01144e-06 6.83596e-06 6.83596e-06 6.01144e-06 4.46185e-06 2.3741e-06 0 
0 4.46185e-06 8.38554e-06 1.12978e-05 1.28474e-05 1.28474e-05 1.12978e-05 8.38554e-06 4.46185e-06 0 
0 6.01144e-06 1.12978e-05 1.52215e-05 1.73093e-05 1.73093e-05 1.52215e-05 1.12978e-05 6.01144e-06 0 
0 6.83596e-06 1.28474e-05 1.73093e-05 1.96834e-05 1.96834e-05 1.73093e-05 1.28474e-05 6.83596e-06 0 
0 6.83596e-06 1.28474e-05 1.73093e-05 1.96834e-05 1.96834e-05 1.73093e-05 1.28474e-05 6.83596e-06 0 
0 6.01144e-06 1.12978e-05 1.52215e-05 1.73093e-05 1.73093e-05 1.52215e-05 1.12978e-05 6.01144e-06 0 
0 4.46185e-06 8.38554e-06 1.12978e-05 1.28474e-05 1.28474e-05 1.12978e-05 8.38554e-06 4.46185e-06 0 
0 2.3741e-06 4.46185e-06 6.01144e-06 6.83596e-06 6.83596e-06 6.01144e-06 4.46185e-06 2.3741e-06 0 
0 0 0 0 0 0 0 0 0 0 
0 0 0 0 0 0 0 0 0 0 
0 1.9127e-06 3.59471e-06 4.84314e-06 5.50741e-06 5.50741e-06 4.84314e-06 3.59471e-06 1.9127e-06 0 
0 3.59471e-06 6.75584e-06 9.10212e-06 1.03505e-05 1.03505e-05 9.10212e-06 6.75584e-06 3.59471e-06 0 
0 4.84314e-06 9.10212e-06 1.22632e-05 1.39453e-05 1.39453e-05 1.22632e-05 9.10212e-06 4.84314e-06 0 
0 5.50741e-06 1.03505e-05 1.39453e-05 1.5858e-05 1.5858e-05 1.39453e-05 1.03505e-05 5.50741e-06 0 
