0 0 0 0 0 0 0 0 0 0 
0 0.116978 0.219846 0.296198 0.336824 0.336824 0.296198 0.219846 0.116978 0 
0 0.219846 0.413176 0.55667 0.633022 0.633022 0.55667 0.413176 0.219846 0 
0 0.296198 0.55667 0.75 0.852869 0.852869 0.75 0.55667 0.296198 0 
0 0.336824 0.633022 0.852869 0.969846 0.969846 0.852869 0.633022 0.336824 0 
0 0.336824 0.633022 0.852869 0.969846 0.969846 0.852869 0.633022 0.336824 0 
0 0.296198 0.55667 0.75 0.852869 0.852869 0.75 0.55667 0.296198 0 
0 0.219846 0.413176 0.55667 0.633022 0.633022 0.55667 0.413176 0.219846 0 
0 0.116978 0.219846 0.296198 0.336824 0.336824 0.296198 0.219846 0.116978 0 
0 0 0 0 0 0 0 0 0 0 
0 0 0 0 0 0 0 0 0 0 
0 0.0399264 0.0750371 0.101097 0.114963 0.114963 0.101097 0.0750371 0.0399264 0 
0 0.0750371 0.141024 0.190001 0.216061 0.216061 0.190001 0.141024 0.0750371 0 
0 0.101097 0.190001 0.255987 0.291098 0.291098 0.255987 0.190001 0.101097 0 
0 0.114963 0.216061 0.291098 0.331024 0.331024 0.291098 0.216061 0.114963 0 
0 0.114963 0.216061 0.291098 0.331024 0.331024 0.291098 0.216061 0.114963 0 
0 0.101097 0.190001 0.255987 0.291098 0.291098 0.255987 0.190001 0.101097 0 
0 0.0750371 0.141024 0.190001 0.216061 0.216061 0.190001 0.141024 0.0750371 0 
0 0.0399264 0.0750371 0.101097 0.114963 0.114963 0.101097 0.0750371 0.0399264 0 
0 0 0 0 0 0 0 0 0 0 
0 0 0 0 0 0 0 0 0 0 
0 8.56702e-07 1.61007e-06 2.16924e-06 2.46677e-06 2.46677e-06 2.16924e-06 1.61007e-06 8.56702e-07 0 
0 1.61007e-06 3.02595e-06 4.07685e-06 4.63602e-06 4.63602e-06 4.07685e-06 3.02595e-06 1.61007e-06 0 
0 2.16924e-06 4.07685e-06 5.49272e-06 6.24609e-06 6.24609e-06 5.49272e-06 4.07685e-06 2.16924e-06 0 
0 2.46677e-06 4.63602e-06 6.24609e-06 7.10279e-06 7.10279e-06 6.24609e-06 4.63602e-06 2.46677e-06 0 
0 2.46677e-06 4.63602e-06 6.24609e-06 7.10279e-06 7.10279e-06 6.24609e-06 4.63602e-06 2.46677e-06 0 
0 2.16924e-06 4.07685e-06 5.49272e-06 6.24609e-06 6.24609e-06 5.49272e-06 4.07685e-06 2.16924e-06 0 
0 1.61007e-06 3.02595e-06 4.07685e-06 4.63602e-06 4.63602e-06 4.07685e-06 3.02595e-06 1.61007e-06 0 
0 8.56702e-07 1.61007e-06 2.16924e-06 2.46677e-06 2.46677e-06 2.16924e-06 1.61007e-06 8.56702e-07 0 
0 0 0 0 0 0 0 0 0 0 
