0 0 0 0 0 0 0 0 0 0 
0 0.116978 0.219846 0.296198 0.336824 0.336824 0.296198 0.219846 0.116978 0 
0 0.219846 0.413176 0.55667 0.633022 0.633022 0.55667 0.413176 0.219846 0 
0 0.296198 0.55667 0.75 0.852869 0.852869 0.75 0.55667 0.296198 0 
0 0.336824 0.633022 0.852869 0.969846 0.969846 0.852869 0.633022 0.336824 0 
0 0.336824 0.633022 0.852869 0.969846 0.969846 0.852869 0.633022 0.336824 0 
0 0.296198 0.55667 0.75 0.852869 0.852869 0.75 0.55667 0.296198 0 
0 0.219846 0.413176 0.55667 0.633022 0.633022 0.55667 0.413176 0.219846 0 
0 0.116978 0.219846 0.296198 0.336824 0.336824 0.296198 0.219846 0.116978 0 
0 0 0 0 0 0 0 0 0 0 
0 0 0 0 0 0 0 0 0 0 
0 0.104387 0.196184 0.264318 0.300571 0.300571 0.264318 0.196184 0.104387 0 
0 0.196184 0.368705 0.496754 0.564888 0.564888 0.496754 0.368705 0.196184 0 
0 0.264318 0.496754 0.669275 0.761072 0.761072 0.669275 0.496754 0.264318 0 
0 0.300571 0.564888 0.761072 0.865459 0.865459 0.761072 0.564888 0.300571 0 
0 0.300571 0.564888 0.761072 0.865459 0.865459 0.761072 0.564888 0.300571 0 
0 0.264318 0.496754 0.669275 0.761072 0.761072 0.669275 0.496754 0.264318 0 
0 0.196184 0.368705 0.496754 0.564888 0.564888 0.496754 0.368705 0.196184 0 
0 0.104387 0.196184 0.264318 0.300571 0.300571 0.264318 0.196184 0.104387 0 
0 0 0 0 0 0 0 0 0 0 
0 0 0 0 0 0 0 0 0 0 
0 0.0741785 0.13941 0.187827 0.213588 0.213588 0.187827 0.13941 0.0741785 0 
0 0.13941 0.262005 0.352998 0.401415 0.401415 0.352998 0.262005 0.13941 0 
0 0.187827 0.352998 0.475594 0.540825 0.540825 0.475594 0.352998 0.187827 0 
0 0.213588 0.401415 0.540825 0.615003 0.615003 0.540825 0.401415 0.213588 0 
0 0.213588 0.401415 0.540825 0.615003 0.615003 0.540825 0.401415 0.213588 0 
0 0.187827 0.352998 0.475594 0.540825 0.540825 0.475594 0.352998 0.187827 0 
0 0.13941 0.262005 0.352998 0.401415 0.401415 0.352998 0.262005 0.13941 0 
0 0.0741785 0.13941 0.187827 0.213588 0.213588 0.187827 0.13941 0.0741785 0 
0 0 0 0 0 0 0 0 0 0 
0 0 0 0 0 0 0 0 0 0 
0 0.0527119 0.099066 0.133471 0.151778 0.151778 0.133471 0.099066 0.0527119 0 
0 0.099066 0.186183 0.250844 0.285249 0.285249 0.250844 0.186183 0.099066 0 
0 0.133471 0.250844 0.337961 0.384315 0.384315 0.337961 0.250844 0.133471 0 
0 0.151778 0.285249 0.384315 0.437027 0.437027 0.384315 0.285249 0.151778 0 
0 0.151778 0.285249 0.384315 0.437027 0.437027 0.384315 0.285249 0.151778 0 
0 0.133471 0.250844 0.337961 0.384315 0.384315 0.337961 0.250844 0.133471 0 
0 0.099066 0.186183 0.250844 0.285249 0.285249 0.250844 0.186183 0.099066 0 
0 0.0527119 0.099066 0.133471 0.151778 0.151778 0.133471 0.099066 0.0527119 0 
0 0 0 0 0 0 0 0 0 0 
0 0 0 0 0 0 0 0 0 0 
0 0.0374576 0.0703973 0.094846 0.107855 0.107855 0.094846 0.0703973 0.0374576 0 
0 0.0703973 0.132304 0.178252 0.202701 0.202701 0.178252 0.132304 0.0703973 0 
0 0.094846 0.178252 0.240158 0.273098 0.273098 0.240158 0.178252 0.094846 0 
0 0.107855 0.202701 0.273098 0.310556 0.310556 0.273098 0.202701 0.107855 0 
0 0.107855 0.202701 0.273098 0.310556 0.310556 0.273098 0.202701 0.107855 0 
0 0.094846 0.178252 0.240158 0.273098 0.273098 0.240158 0.178252 0.094846 0 
0 0.0703973 0.132304 0.178252 0.202701 0.202701 0.178252 0.132304 0.0703973 0 
0 0.0374576 0.0703973 0.094846 0.107855 0.107855 0.094846 0.0703973 0.0374576 0 
0 0 0 0 0 0 0 0 0 0 
0 0 0 0 0 0 0 0 0 0 
0 0.0266177 0.050025 0.0673985 0.0766427 0.0766427 0.0673985 0.050025 0.0266177 0 
0 0.050025 0.0940162 0.126668 0.144041 0.144041 0.126668 0.0940162 0.050025 0 
0 0.0673985 0.126668 0.170659 0.194066 0.194066 0.170659 0.126668 0.0673985 0 
0 0.0766427 0.144041 0.194066 0.220684 0.220684 0.194066 0.144041 0.0766427 0 
0 0.0766427 0.144041 0.194066 0.220684 0.220684 0.194066 0.144041 0.0766427 0 
0 0.0673985 0.126668 0.170659 0.194066 0.194066 0.170659 0.126668 0.0673985 0 
0 0.050025 0.0940162 0.126668 0.144041 0.144041 0.126668 0.0940162 0.050025 0 
0 0.0266177 0.050025 0.0673985 0.0766427 0.0766427 0.0673985 0.050025 0.0266177 0 
0 0 0 0 0 0 0 0 0 0 
0 0 0 0 0 0 0 0 0 0 
0 0.0189148 0.0355482 0.047894 0.054463 0.054463 0.047894 0.0355482 0.0189148 0 
0 0.0355482 0.0668088 0.0900112 0.102357 0.102357 0.0900112 0.0668088 0.0355482 0 
0 0.047894 0.0900112 0.121272 0.137905 0.137905 0.121272 0.0900112 0.047894 0 
0 0.054463 0.102357 0.137905 0.15682 0.15682 0.137905 0.102357 0.054463 0 
0 0.054463 0.102357 0.137905 0.15682 0.15682 0.137905 0.102357 0.054463 0 
0 0.047894 0.0900112 0.121272 0.137905 0.137905 0.121272 0.0900112 0.047894 0 
0 0.0355482 0.0668088 0.0900112 0.102357 0.102357 0.0900112 0.0668088 0.0355482 0 
0 0.0189148 0.0355482 0.047894 0.054463 0.054463 0.047894 0.0355482 0.0189148 0 
0 0 0 0 0 0 0 0 0 0 
0 0 0 0 0 0 0 0 0 0 
0 0.013441 0.0252609 0.0340339 0.0387019 0.0387019 0.0340339 0.0252609 0.013441 0 
0 0.0252609 0.047475 0.0639628 0.0727359 0.0727359 0.0639628 0.047475 0.0252609 0 
0 0.0340339 0.0639628 0.0861769 0.0979967 0.0979967 0.0861769 0.0639628 0.0340339 0 
0 0.0387019 0.0727359 0.0979967 0.111438 0.111438 0.0979967 0.0727359 0.0387019 0 
0 0.0387019 0.0727359 0.0979967 0.111438 0.111438 0.0979967 0.0727359 0.0387019 0 
0 0.0340339 0.0639628 0.0861769 0.0979967 0.0979967 0.0861769 0.0639628 0.0340339 0 
0 0.0252609 0.047475 0.0639628 0.0727359 0.0727359 0.0639628 0.047475 0.0252609 0 
0 0.013441 0.0252609 0.0340339 0.0387019 0.0387019 0.0340339 0.0252609 0.013441 0 
0 0 0 0 0 0 0 0 0 0 
0 0 0 0 0 0 0 0 0 0 
0 0.00955133 0.0179506 0.0241848 0.027502 0.027502 0.0241848 0.0179506 0.00955133 0 
0 0.0179506 0.0337362 0.0454526 0.0516868 0.0516868 0.0454526 0.0337362 0.0179506 0 
0 0.0241848 0.0454526 0.0612381 0.0696374 0.0696374 0.0612381 0.0454526 0.0241848 0 
0 0.027502 0.0516868 0.0696374 0.0791887 0.0791887 0.0696374 0.0516868 0.027502 0 
0 0.027502 0.0516868 0.0696374 0.0791887 0.0791887 0.0696374 0.0516868 0.027502 0 
0 0.0241848 0.0454526 0.0612381 0.0696374 0.0696374 0.0612381 0.0454526 0.0241848 0 
0 0.0179506 0.0337362 0.0454526 0.0516868 0.0516868 0.0454526 0.0337362 0.0179506 0 
0 0.00955133 0.0179506 0.0241848 0.027502 0.027502 0.0241848 0.0179506 0.00955133 0 
0 0 0 0 0 0 0 0 0 0 
0 0 0 0 0 0 0 0 0 0 
0 0.00678727 0.0127559 0.017186 0.0195432 0.0195432 0.017186 0.0127559 0.00678727 0 
0 0.0127559 0.0239732 0.032299 0.0367291 0.0367291 0.032299 0.0239732 0.0127559 0 
0 0.017186 0.032299 0.0435164 0.049485 0.049485 0.0435164 0.032299 0.017186 0 
0 0.0195432 0.0367291 0.049485 0.0562723 0.0562723 0.049485 0.0367291 0.0195432 0 
0 0.0195432 0.0367291 0.049485 0.0562723 0.0562723 0.049485 0.0367291 0.0195432 0 
0 0.017186 0.032299 0.0435164 0.049485 0.049485 0.0435164 0.032299 0.017186 0 
0 0.0127559 0.0239732 0.032299 0.0367291 0.0367291 0.032299 0.0239732 0.0127559 0 
0 0.00678727 0.0127559 0.017186 0.0195432 0.0195432 0.017186 0.0127559 0.00678727 0 
0 0 0 0 0 0 0 0 0 0 
0 0 0 0 0 0 0 0 0 0 
0 0.0048231 0.00906446 0.0122125 0.0138876 0.0138876 0.0122125 0.00906446 0.0048231 0 
0 0.00906446 0.0170356 0.022952 0.0261001 0.0261001 0.022952 0.0170356 0.00906446 0 
0 0.0122125 0.022952 0.0309232 0.0351645 0.0351645 0.0309232 0.022952 0.0122125 0 
0 0.0138876 0.0261001 0.0351645 0.0399876 0.0399876 0.0351645 0.0261001 0.0138876 0 
0 0.0138876 0.0261001 0.0351645 0.0399876 0.0399876 0.0351645 0.0261001 0.0138876 0 
0 0.0122125 0.022952 0.0309232 0.0351645 0.0351645 0.0309232 0.022952 0.0122125 0 
0 0.00906446 0.0170356 0.022952 0.0261001 0.0261001 0.022952 0.0170356 0.00906446 0 
0 0.0048231 0.00906446 0.0122125 0.0138876 0.0138876 0.0122125 0.00906446 0.0048231 0 
0 0 0 0 0 0 0 0 0 0 
0 0 0 0 0 0 0 0 0 0 
0 0.00342734 0.00644129 0.00867832 0.00986863 0.00986863 0.00867832 0.00644129 0.00342734 0 
0 0.00644129 0.0121057 0.0163099 0.0185469 0.0185469 0.0163099 0.0121057 0.00644129 0 
0 0.00867832 0.0163099 0.0219743 0.0249882 0.0249882 0.0219743 0.0163099 0.00867832 0 
0 0.00986863 0.0185469 0.0249882 0.0284156 0.0284156 0.0249882 0.0185469 0.00986863 0 
0 0.00986863 0.0185469 0.0249882 0.0284156 0.0284156 0.0249882 0.0185469 0.00986863 0 
0 0.00867832 0.0163099 0.0219743 0.0249882 0.0249882 0.0219743 0.0163099 0.00867832 0 
0 0.00644129 0.0121057 0.0163099 0.0185469 0.0185469 0.0163099 0.0121057 0.00644129 0 
0 0.00342734 0.00644129 0.00867832 0.00986863 0.00986863 0.00867832 0.00644129 0.00342734 0 
0 0 0 0 0 0 0 0 0 0 
0 0 0 0 0 0 0 0 0 0 
0 0.0024355 0.00457724 0.0061669 0.00701274 0.00701274 0.0061669 0.00457724 0.0024355 0 
0 0.00457724 0.0086024 0.01159 0.0131796 0.0131796 0.01159 0.0086024 0.00457724 0 
0 0.0061669 0.01159 0.0156151 0.0177569 0.0177569 0.0156151 0.01159 0.0061669 0 
0 0.00701274 0.0131796 0.0177569 0.0201924 0.0201924 0.0177569 0.0131796 0.00701274 0 
0 0.00701274 0.0131796 0.0177569 0.0201924 0.0201924 0.0177569 0.0131796 0.00701274 0 
0 0.0061669 0.01159 0.0156151 0.0177569 0.0177569 0.0156151 0.01159 0.0061669 0 
0 0.00457724 0.0086024 0.01159 0.0131796 0.0131796 0.01159 0.0086024 0.00457724 0 
0 0.0024355 0.00457724 0.0061669 0.00701274 0.00701274 0.0061669 0.00457724 0.0024355 0 
0 0 0 0 0 0 0 0 0 0 
0 0 0 0 0 0 0 0 0 0 
0 0.00173069 0.00325263 0.00438226 0.00498332 0.00498332 0.00438226 0.00325263 0.00173069 0 
0 0.00325263 0.00611295 0.00823595 0.00936558 0.00936558 0.00823595 0.00611295 0.00325263 0 
0 0.00438226 0.00823595 0.0110963 0.0126182 0.0126182 0.0110963 0.00823595 0.00438226 0 
0 0.00498332 0.00936558 0.0126182 0.0143489 0.0143489 0.0126182 0.00936558 0.00498332 0 
0 0.00498332 0.00936558 0.0126182 0.0143489 0.0143489 0.0126182 0.00936558 0.00498332 0 
0 0.00438226 0.00823595 0.0110963 0.0126182 0.0126182 0.0110963 0.00823595 0.00438226 0 
0 0.00325263 0.00611295 0.00823595 0.00936558 0.00936558 0.00823595 0.00611295 0.00325263 0 
0 0.00173069 0.00325263 0.00438226 0.00498332 0.00498332 0.00438226 0.00325263 0.00173069 0 
0 0 0 0 0 0 0 0 0 0 
0 0 0 0 0 0 0 0 0 0 
0 0.00122984 0.00231135 0.00311407 0.00354119 0.00354119 0.00311407 0.00231135 0.00122984 0 
0 0.00231135 0.00434392 0.00585254 0.00665527 0.00665527 0.00585254 0.00434392 0.00231135 0 
0 0.00311407 0.00585254 0.00788511 0.00896662 0.00896662 0.00788511 0.00585254 0.00311407 0 
0 0.00354119 0.00665527 0.00896662 0.0101965 0.0101965 0.00896662 0.00665527 0.00354119 0 
0 0.00354119 0.00665527 0.00896662 0.0101965 0.0101965 0.00896662 0.00665527 0.00354119 0 
0 0.00311407 0.00585254 0.00788511 0.00896662 0.00896662 0.00788511 0.00585254 0.00311407 0 
0 0.00231135 0.00434392 0.00585254 0.00665527 0.00665527 0.00585254 0.00434392 0.00231135 0 
0 0.00122984 0.00231135 0.00311407 0.00354119 0.00354119 0.00311407 0.00231135 0.00122984 0 
0 0 0 0 0 0 0 0 0 0 
0 0 0 0 0 0 0 0 0 0 
0 0.000873938 0.00164247 0.00221289 0.00251641 0.00251641 0.00221289 0.00164247 0.000873938 0 
0 0.00164247 0.00308683 0.00415887 0.0047293 0.0047293 0.00415887 0.00308683 0.00164247 0 
0 0.00221289 0.00415887 0.00560323 0.00637176 0.00637176 0.00560323 0.00415887 0.00221289 0 
0 0.00251641 0.0047293 0.00637176 0.0072457 0.0072457 0.00637176 0.0047293 0.00251641 0 
0 0.00251641 0.0047293 0.00637176 0.0072457 0.0072457 0.00637176 0.0047293 0.00251641 0 
0 0.00221289 0.00415887 0.00560323 0.00637176 0.00637176 0.00560323 0.00415887 0.00221289 0 
0 0.00164247 0.00308683 0.00415887 0.0047293 0.0047293 0.00415887 0.00308683 0.00164247 0 
0 0.000873938 0.00164247 0.00221289 0.00251641 0.00251641 0.00221289 0.00164247 0.000873938 0 
0 0 0 0 0 0 0 0 0 0 
0 0 0 0 0 0 0 0 0 0 
0 0.000621029 0.00116715 0.0015725 0.00178818 0.00178818 0.0015725 0.00116715 0.000621029 0 
0 0.00116715 0.00219353 0.00295533 0.00336068 0.00336068 0.00295533 0.00219353 0.00116715 0 
0 0.0015725 0.00295533 0.00398171 0.00452783 0.00452783 0.00398171 0.00295533 0.0015725 0 
0 0.00178818 0.00336068 0.00452783 0.00514886 0.00514886 0.00452783 0.00336068 0.00178818 0 
0 0.00178818 0.00336068 0.00452783 0.00514886 0.00514886 0.00452783 0.00336068 0.00178818 0 
0 0.0015725 0.00295533 0.00398171 0.00452783 0.00452783 0.00398171 0.00295533 0.0015725 0 
0 0.00116715 0.00219353 0.00295533 0.00336068 0.00336068 0.00295533 0.00219353 0.00116715 0 
0 0.000621029 0.00116715 0.0015725 0.00178818 0.00178818 0.0015725 0.00116715 0.000621029 0 
0 0 0 0 0 0 0 0 0 0 
0 0 0 0 0 0 0 0 0 0 
0 0.000441309 0.00082939 0.00111743 0.0012707 0.0012707 0.00111743 0.00082939 0.000441309 0 
0 0.00082939 0.00155874 0.00210009 0.00238813 0.00238813 0.00210009 0.00155874 0.00082939 0 
0 0.00111743 0.00210009 0.00282944 0.00321752 0.00321752 0.00282944 0.00210009 0.00111743 0 
0 0.0012707 0.00238813 0.00321752 0.00365883 0.00365883 0.00321752 0.00238813 0.0012707 0 
0 0.0012707 0.00238813 0.00321752 0.00365883 0.00365883 0.00321752 0.00238813 0.0012707 0 
0 0.00111743 0.00210009 0.00282944 0.00321752 0.00321752 0.00282944 0.00210009 0.00111743 0 
0 0.00082939 0.00155874 0.00210009 0.00238813 0.00238813 0.00210009 0.00155874 0.00082939 0 
0 0.000441309 0.00082939 0.00111743 0.0012707 0.0012707 0.00111743 0.00082939 0.000441309 0 
0 0 0 0 0 0 0 0 0 0 
0 0 0 0 0 0 0 0 0 0 
0 0.000313598 0.000589372 0.000794059 0.000902971 0.000902971 0.000794059 0.000589372 0.000313598 0 
0 0.000589372 0.00110766 0.00149234 0.00169703 0.00169703 0.00149234 0.00110766 0.000589372 0 
0 0.000794059 0.00149234 0.00201063 0.0022864 0.0022864 0.00201063 0.00149234 0.000794059 0 
0 0.000902971 0.00169703 0.0022864 0.0026 0.0026 0.0022864 0.00169703 0.000902971 0 
0 0.000902971 0.00169703 0.0022864 0.0026 0.0026 0.0022864 0.00169703 0.000902971 0 
0 0.000794059 0.00149234 0.00201063 0.0022864 0.0022864 0.00201063 0.00149234 0.000794059 0 
0 0.000589372 0.00110766 0.00149234 0.00169703 0.00169703 0.00149234 0.00110766 0.000589372 0 
0 0.000313598 0.000589372 0.000794059 0.000902971 0.000902971 0.000794059 0.000589372 0.000313598 0 
0 0 0 0 0 0 0 0 0 0 
0 0 0 0 0 0 0 0 0 0 
0 0.000222846 0.000418813 0.000564266 0.000641659 0.000641659 0.000564266 0.000418813 0.000222846 0 
0 0.000418813 0.000787112 0.00106047 0.00120593 0.00120593 0.00106047 0.000787112 0.000418813 0 
0 0.000564266 0.00106047 0.00142877 0.00162474 0.00162474 0.00142877 0.00106047 0.000564266 0 
0 0.000641659 0.00120593 0.00162474 0.00184758 0.00184758 0.00162474 0.00120593 0.000641659 0 
0 0.000641659 0.00120593 0.00162474 0.00184758 0.00184758 0.00162474 0.00120593 0.000641659 0 
0 0.000564266 0.00106047 0.00142877 0.00162474 0.00162474 0.00142877 0.00106047 0.000564266 0 
0 0.000418813 0.000787112 0.00106047 0.00120593 0.00120593 0.00106047 0.000787112 0.000418813 0 
0 0.000222846 0.000418813 0.000564266 0.000641659 0.000641659 0.000564266 0.000418813 0.000222846 0 
0 0 0 0 0 0 0 0 0 0 
0 0 0 0 0 0 0 0 0 0 
0 0.000158356 0.000297613 0.000400973 0.000455969 0.000455969 0.000400973 0.000297613 0.000158356 0 
0 0.000297613 0.000559329 0.000753582 0.000856942 0.000856942 0.000753582 0.000559329 0.000297613 0 
0 0.000400973 0.000753582 0.0010153 0.00115455 0.00115455 0.0010153 0.000753582 0.000400973 0 
0 0.000455969 0.000856942 0.00115455 0.00131291 0.00131291 0.00115455 0.000856942 0.000455969 0 
0 0.000455969 0.000856942 0.00115455 0.00131291 0.00131291 0.00115455 0.000856942 0.000455969 0 
0 0.000400973 0.000753582 0.0010153 0.00115455 0.00115455 0.0010153 0.000753582 0.000400973 0 
0 0.000297613 0.000559329 0.000753582 0.000856942 0.000856942 0.000753582 0.000559329 0.000297613 0 
0 0.000158356 0.000297613 0.000400973 0.000455969 0.000455969 0.000400973 0.000297613 0.000158356 0 
0 0 0 0 0 0 0 0 0 0 
0 0 0 0 0 0 0 0 0 0 
0 0.00011253 0.000211486 0.000284935 0.000324016 0.000324016 0.000284935 0.000211486 0.00011253 0 
0 0.000211486 0.000397465 0.000535503 0.000608951 0.000608951 0.000535503 0.000397465 0.000211486 0 
0 0.000284935 0.000535503 0.000721481 0.000820437 0.000820437 0.000721481 0.000535503 0.000284935 0 
0 0.000324016 0.000608951 0.000820437 0.000932967 0.000932967 0.000820437 0.000608951 0.000324016 0 
0 0.000324016 0.000608951 0.000820437 0.000932967 0.000932967 0.000820437 0.000608951 0.000324016 0 
0 0.000284935 0.000535503 0.000721481 0.000820437 0.000820437 0.000721481 0.000535503 0.000284935 0 
0 0.000211486 0.000397465 0.000535503 0.000608951 0.000608951 0.000535503 0.000397465 0.000211486 0 
0 0.00011253 0.000211486 0.000284935 0.000324016 0.000324016 0.000284935 0.000211486 0.00011253 0 
0 0 0 0 0 0 0 0 0 0 
0 0 0 0 0 0 0 0 0 0 
0 7.99646e-05 0.000150284 0.000202477 0.000230249 0.000230249 0.000202477 0.000150284 7.99646e-05 0 
0 0.000150284 0.000282442 0.000380533 0.000432726 0.000432726 0.000380533 0.000282442 0.000150284 0 
0 0.000202477 0.000380533 0.000512691 0.000583011 0.000583011 0.000512691 0.000380533 0.000202477 0 
0 0.000230249 0.000432726 0.000583011 0.000662975 0.000662975 0.000583011 0.000432726 0.000230249 0 
0 0.000230249 0.000432726 0.000583011 0.000662975 0.000662975 0.000583011 0.000432726 0.000230249 0 
0 0.000202477 0.000380533 0.000512691 0.000583011 0.000583011 0.000512691 0.000380533 0.000202477 0 
0 0.000150284 0.000282442 0.000380533 0.000432726 0.000432726 0.000380533 0.000282442 0.000150284 0 
0 7.99646e-05 0.000150284 0.000202477 0.000230249 0.000230249 0.000202477 0.000150284 7.99646e-05 0 
0 0 0 0 0 0 0 0 0 0 
0 0 0 0 0 0 0 0 0 0 
0 5.68236e-05 0.000106793 0.000143882 0.000163617 0.000163617 0.000143882 0.000106793 5.68236e-05 0 
0 0.000106793 0.000200706 0.00027041 0.000307499 0.000307499 0.00027041 0.000200706 0.000106793 0 
0 0.000143882 0.00027041 0.000364323 0.000414293 0.000414293 0.000364323 0.00027041 0.000143882 0 
0 0.000163617 0.000307499 0.000414293 0.000471117 0.000471117 0.000414293 0.000307499 0.000163617 0 
0 0.000163617 0.000307499 0.000414293 0.000471117 0.000471117 0.000414293 0.000307499 0.000163617 0 
0 0.000143882 0.00027041 0.000364323 0.000414293 0.000414293 0.000364323 0.00027041 0.000143882 0 
0 0.000106793 0.000200706 0.00027041 0.000307499 0.000307499 0.00027041 0.000200706 0.000106793 0 
0 5.68236e-05 0.000106793 0.000143882 0.000163617 0.000163617 0.000143882 0.000106793 5.68236e-05 0 
0 0 0 0 0 0 0 0 0 0 
0 0 0 0 0 0 0 0 0 0 
0 4.03794e-05 7.58884e-05 0.000102244 0.000116268 0.000116268 0.000102244 7.58884e-05 4.03794e-05 0 
0 7.58884e-05 0.000142624 0.000192156 0.000218512 0.000218512 0.000192156 0.000142624 7.58884e-05 0 
0 0.000102244 0.000192156 0.000258891 0.0002944 0.0002944 0.000258891 0.000192156 0.000102244 0 
0 0.000116268 0.000218512 0.0002944 0.00033478 0.00033478 0.0002944 0.000218512 0.000116268 0 
0 0.000116268 0.000218512 0.0002944 0.00033478 0.00033478 0.0002944 0.000218512 0.000116268 0 
0 0.000102244 0.000192156 0.000258891 0.0002944 0.0002944 0.000258891 0.000192156 0.000102244 0 
0 7.58884e-05 0.000142624 0.000192156 0.000218512 0.000218512 0.000192156 0.000142624 7.58884e-05 0 
0 4.03794e-05 7.58884e-05 0.000102244 0.000116268 0.000116268 0.000102244 7.58884e-05 4.03794e-05 0 
0 0 0 0 0 0 0 0 0 0 
0 0 0 0 0 0 0 0 0 0 
0 2.8694e-05 5.3927e-05 7.26557e-05 8.2621e-05 8.2621e-05 7.26557e-05 5.3927e-05 2.8694e-05 0 
0 5.3927e-05 0.00010135 0.000136548 0.000155277 0.000155277 0.000136548 0.00010135 5.3927e-05 0 
0 7.26557e-05 0.000136548 0.000183971 0.000209204 0.000209204 0.000183971 0.000136548 7.26557e-05 0 
0 8.2621e-05 0.000155277 0.000209204 0.000237898 0.000237898 0.000209204 0.000155277 8.2621e-05 0 
0 8.2621e-05 0.000155277 0.000209204 0.000237898 0.000237898 0.000209204 0.000155277 8.2621e-05 0 
0 7.26557e-05 0.000136548 0.000183971 0.000209204 0.000209204 0.000183971 0.000136548 7.26557e-05 0 
0 5.3927e-05 0.00010135 0.000136548 0.000155277 0.000155277 0.000136548 0.00010135 5.3927e-05 0 
0 2.8694e-05 5.3927e-05 7.26557e-05 8.2621e-05 8.2621e-05 7.26557e-05 5.3927e-05 2.8694e-05 0 
0 0 0 0 0 0 0 0 0 0 
0 0 0 0 0 0 0 0 0 0 
0 2.03902e-05 3.83211e-05 5.16298e-05 5.87113e-05 5.87113e-05 5.16298e-05 3.83211e-05 2.03902e-05 0 
0 3.83211e-05 7.202e-05 9.70324e-05 0.000110341 0.000110341 9.70324e-05 7.202e-05 3.83211e-05 0 
0 5.16298e-05 9.70324e-05 0.000130731 0.000148662 0.000148662 0.000130731 9.70324e-05 5.16298e-05 0 
0 5.87113e-05 0.000110341 0.000148662 0.000169052 0.000169052 0.000148662 0.000110341 5.87113e-05 0 
0 5.87113e-05 0.000110341 0.000148662 0.000169052 0.000169052 0.000148662 0.000110341 5.87113e-05 0 
0 5.16298e-05 9.70324e-05 0.000130731 0.000148662 0.000148662 0.000130731 9.70324e-05 5.16298e-05 0 
0 3.83211e-05 7.202e-05 9.70324e-05 0.000110341 0.000110341 9.70324e-05 7.202e-05 3.83211e-05 0 
0 2.03902e-05 3.83211e-05 5.16298e-05 5.87113e-05 5.87113e-05 5.16298e-05 3.83211e-05 2.03902e-05 0 
0 0 0 0 0 0 0 0 0 0 
0 0 0 0 0 0 0 0 0 0 
0 1.44895e-05 2.72313e-05 3.66887e-05 4.17208e-05 4.17208e-05 3.66887e-05 2.72313e-05 1.44895e-05 0 
0 2.72313e-05 5.11781e-05 6.89521e-05 7.84094e-05 7.84094e-05 6.89521e-05 5.11781e-05 2.72313e-05 0 
0 3.66887e-05 6.89521e-05 9.28989e-05 0.000105641 0.000105641 9.28989e-05 6.89521e-05 3.66887e-05 0 
0 4.17208e-05 7.84094e-05 0.000105641 0.00012013 0.00012013 0.000105641 7.84094e-05 4.17208e-05 0 
0 4.17208e-05 7.84094e-05 0.000105641 0.00012013 0.00012013 0.000105641 7.84094e-05 4.17208e-05 0 
0 3.66887e-05 6.89521e-05 9.28989e-05 0.000105641 0.000105641 9.28989e-05 6.89521e-05 3.66887e-05 0 
0 2.72313e-05 5.11781e-05 6.89521e-05 7.84094e-05 7.84094e-05 6.89521e-05 5.11781e-05 2.72313e-05 0 
0 1.44895e-05 2.72313e-05 3.66887e-05 4.17208e-05 4.17208e-05 3.66887e-05 2.72313e-05 1.44895e-05 0 
0 0 0 0 0 0 0 0 0 0 
0 0 0 0 0 0 0 0 0 0 
0 1.02964e-05 1.93508e-05 2.60713e-05 2.96472e-05 2.96472e-05 2.60713e-05 1.93508e-05 1.02964e-05 0 
0 1.93508e-05 3.63677e-05 4.8998e-05 5.57185e-05 5.57185e-05 4.8998e-05 3.63677e-05 1.93508e-05 0 
0 2.60713e-05 4.8998e-05 6.60149e-05 7.50693e-05 7.50693e-05 6.60149e-05 4.8998e-05 2.60713e-05 0 
0 2.96472e-05 5.57185e-05 7.50693e-05 8.53657e-05 8.53657e-05 7.50693e-05 5.57185e-05 2.96472e-05 0 
0 2.96472e-05 5.57185e-05 7.50693e-05 8.53657e-05 8.53657e-05 7.50693e-05 5.57185e-05 2.96472e-05 0 
0 2.60713e-05 4.8998e-05 6.60149e-05 7.50693e-05 7.50693e-05 6.60149e-05 4.8998e-05 2.60713e-05 0 
0 1.93508e-05 3.63677e-05 4.8998e-05 5.57185e-05 5.57185e-05 4.8998e-05 3.63677e-05 1.93508e-05 0 
0 1.02964e-05 1.93508e-05 2.60713e-05 2.96472e-05 2.96472e-05 2.60713e-05 1.93508e-05 1.02964e-05 0 
0 0 0 0 0 0 0 0 0 0 
0 0 0 0 0 0 0 0 0 0 
0 7.31669e-06 1.37509e-05 1.85265e-05 2.10676e-05 2.10676e-05 1.85265e-05 1.37509e-05 7.31669e-06 0 
0 1.37509e-05 2.58432e-05 3.48185e-05 3.95941e-05 3.95941e-05 3.48185e-05 2.58432e-05 1.37509e-05 0 
0 1.85265e-05 3.48185e-05 4.69108e-05 5.3345e-05 5.3345e-05 4.69108e-05 3.48185e-05 1.85265e-05 0 
0 2.10676e-05 3.95941e-05 5.3345e-05 6.06617e-05 6.06617e-05 5.3345e-05 3.95941e-05 2.10676e-05 0 
0 2.10676e-05 3.95941e-05 5.3345e-05 6.06617e-05 6.06617e-05 5.3345e-05 3.95941e-05 2.10676e-05 0 
0 1.85265e-05 3.48185e-05 4.69108e-05 5.3345e-05 5.3345e-05 4.69108e-05 3.48185e-05 1.85265e-05 0 
0 1.37509e-05 2.58432e-05 3.48185e-05 3.95941e-05 3.95941e-05 3.48185e-05 2.58432e-05 1.37509e-05 0 
0 7.31669e-06 1.37509e-05 1.85265e-05 2.10676e-05 2.10676e-05 1.85265e-05 1.37509e-05 7.31669e-06 0 
0 0 0 0 0 0 0 0 0 0 
0 0 0 0 0 0 0 0 0 0 
0 5.19931e-06 9.77151e-06 1.31651e-05 1.49708e-05 1.49708e-05 1.31651e-05 9.77151e-06 5.19931e-06 0 
0 9.77151e-06 1.83644e-05 2.47423e-05 2.8136e-05 2.8136e-05 2.47423e-05 1.83644e-05 9.77151e-06 0 
0 1.31651e-05 2.47423e-05 3.33353e-05 3.79075e-05 3.79075e-05 3.33353e-05 2.47423e-05 1.31651e-05 0 
0 1.49708e-05 2.8136e-05 3.79075e-05 4.31068e-05 4.31068e-05 3.79075e-05 2.8136e-05 1.49708e-05 0 
0 1.49708e-05 2.8136e-05 3.79075e-05 4.31068e-05 4.31068e-05 3.79075e-05 2.8136e-05 1.49708e-05 0 
0 1.31651e-05 2.47423e-05 3.33353e-05 3.79075e-05 3.79075e-05 3.33353e-05 2.47423e-05 1.31651e-05 0 
0 9.77151e-06 1.83644e-05 2.47423e-05 2.8136e-05 2.8136e-05 2.47423e-05 1.83644e-05 9.77151e-06 0 
0 5.19931e-06 9.77151e-06 1.31651e-05 1.49708e-05 1.49708e-05 1.31651e-05 9.77151e-06 5.19931e-06 0 
0 0 0 0 0 0 0 0 0 0 
0 0 0 0 0 0 0 0 0 0 
0 3.69468e-06 6.94373e-06 9.35527e-06 1.06384e-05 1.06384e-05 9.35527e-06 6.94373e-06 3.69468e-06 0 
0 6.94373e-06 1.30499e-05 1.75821e-05 1.99937e-05 1.99937e-05 1.75821e-05 1.30499e-05 6.94373e-06 0 
0 9.35527e-06 1.75821e-05 2.36884e-05 2.69374e-05 2.69374e-05 2.36884e-05 1.75821e-05 9.35527e-06 0 
0 1.06384e-05 1.99937e-05 2.69374e-05 3.06321e-05 3.06321e-05 2.69374e-05 1.99937e-05 1.06384e-05 0 
0 1.06384e-05 1.99937e-05 2.69374e-05 3.06321e-05 3.06321e-05 2.69374e-05 1.99937e-05 1.06384e-05 0 
0 9.35527e-06 1.75821e-05 2.36884e-05 2.69374e-05 2.69374e-05 2.36884e-05 1.75821e-05 9.35527e-06 0 
0 6.94373e-06 1.30499e-05 1.75821e-05 1.99937e-05 1.99937e-05 1.75821e-05 1.30499e-05 6.94373e-06 0 
0 3.69468e-06 6.94373e-06 9.35527e-06 1.06384e-05 1.06384e-05 9.35527e-06 6.94373e-06 3.69468e-06 0 
0 0 0 0 0 0 0 0 0 0 
0 0 0 0 0 0 0 0 0 0 
0 2.62548e-06 4.93428e-06 6.64794e-06 7.55976e-06 7.55976e-06 6.64794e-06 4.93428e-06 2.62548e-06 0 
0 4.93428e-06 9.27342e-06 1.2494e-05 1.42077e-05 1.42077e-05 1.2494e-05 9.27342e-06 4.93428e-06 0 
0 6.64794e-06 1.2494e-05 1.68332e-05 1.9142e-05 1.9142e-05 1.68332e-05 1.2494e-05 6.64794e-06 0 
0 7.55976e-06 1.42077e-05 1.9142e-05 2.17675e-05 2.17675e-05 1.9142e-05 1.42077e-05 7.55976e-06 0 
0 7.55976e-06 1.42077e-05 1.9142e-05 2.17675e-05 2.17675e-05 1.9142e-05 1.42077e-05 7.55976e-06 0 
0 6.64794e-06 1.2494e-05 1.68332e-05 1.9142e-05 1.9142e-05 1.68332e-05 1.2494e-05 6.64794e-06 0 
0 4.93428e-06 9.27342e-06 1.2494e-05 1.42077e-05 1.42077e-05 1.2494e-05 9.27342e-06 4.93428e-06 0 
0 2.62548e-06 4.93428e-06 6.64794e-06 7.55976e-06 7.55976e-06 6.64794e-06 4.93428e-06 2.62548e-06 0 
0 0 0 0 0 0 0 0 0 0 
0 0 0 0 0 0 0 0 0 0 
0 1.86569e-06 3.50635e-06 4.72409e-06 5.37204e-06 5.37204e-06 4.72409e-06 3.50635e-06 1.86569e-06 0 
0 3.50635e-06 6.58979e-06 8.87839e-06 1.00961e-05 1.00961e-05 8.87839e-06 6.58979e-06 3.50635e-06 0 
0 4.72409e-06 8.87839e-06 1.19618e-05 1.36025e-05 1.36025e-05 1.19618e-05 8.87839e-06 4.72409e-06 0 
0 5.37204e-06 1.00961e-05 1.36025e-05 1.54682e-05 1.54682e-05 1.36025e-05 1.00961e-05 5.37204e-06 0 
0 5.37204e-06 1.00961e-05 1.36025e-05 1.54682e-05 1.54682e-05 1.36025e-05 1.00961e-05 5.37204e-06 0 
0 4.72409e-06 8.87839e-06 1.19618e-05 1.36025e-05 1.36025e-05 1.19618e-05 8.87839e-06 4.72409e-06 0 
0 3.50635e-06 6.58979e-06 8.87839e-06 1.00961e-05 1.00961e-05 8.87839e-06 6.58979e-06 3.50635e-06 0 
0 1.86569e-06 3.50635e-06 4.72409e-06 5.37204e-06 5.37204e-06 4.72409e-06 3.50635e-06 1.86569e-06 0 
0 0 0 0 0 0 0 0 0 0 
0 0 0 0 0 0 0 0 0 0 
0 1.32578e-06 2.49165e-06 3.35699e-06 3.81743e-06 3.81743e-06 3.35699e-06 2.49165e-06 1.32578e-06 0 
0 2.49165e-06 4.68277e-06 6.30908e-06 7.17442e-06 7.17442e-06 6.30908e-06 4.68277e-06 2.49165e-06 0 
0 3.35699e-06 6.30908e-06 8.5002e-06 9.66607e-06 9.66607e-06 8.5002e-06 6.30908e-06 3.35699e-06 0 
0 3.81743e-06 7.17442e-06 9.66607e-06 1.09918e-05 1.09918e-05 9.66607e-06 7.17442e-06 3.81743e-06 0 
0 3.81743e-06 7.17442e-06 9.66607e-06 1.09918e-05 1.09918e-05 9.66607e-06 7.17442e-06 3.81743e-06 0 
0 3.35699e-06 6.30908e-06 8.5002e-06 9.66607e-06 9.66607e-06 8.5002e-06 6.30908e-06 3.35699e-06 0 
0 2.49165e-06 4.68277e-06 6.30908e-06 7.17442e-06 7.17442e-06 6.30908e-06 4.68277e-06 2.49165e-06 0 
0 1.32578e-06 2.49165e-06 3.35699e-06 3.81743e-06 3.81743e-06 3.35699e-06 2.49165e-06 1.32578e-06 0 
0 0 0 0 0 0 0 0 0 0 
0 0 0 0 0 0 0 0 0 0 
0 9.42112e-07 1.77059e-06 2.38551e-06 2.7127e-06 2.7127e-06 2.38551e-06 1.77059e-06 9.42112e-07 0 
0 1.77059e-06 3.32762e-06 4.4833e-06 5.09822e-06 5.09822e-06 4.4833e-06 3.32762e-06 1.77059e-06 0 
0 2.38551e-06 4.4833e-06 6.04033e-06 6.86881e-06 6.86881e-06 6.04033e-06 4.4833e-06 2.38551e-06 0 
0 2.7127e-06 5.09822e-06 6.86881e-06 7.81092e-06 7.81092e-06 6.86881e-06 5.09822e-06 2.7127e-06 0 
0 2.7127e-06 5.09822e-06 6.86881e-06 7.81092e-06 7.81092e-06 6.86881e-06 5.09822e-06 2.7127e-06 0 
0 2.38551e-06 4.4833e-06 6.04033e-06 6.86881e-06 6.86881e-06 6.04033e-06 4.4833e-06 2.38551e-06 0 
0 1.77059e-06 3.32762e-06 4.4833e-06 5.09822e-06 5.09822e-06 4.4833e-06 3.32762e-06 1.77059e-06 0 
0 9.42112e-07 1.77059e-06 2.38551e-06 2.7127e-06 2.7127e-06 2.38551e-06 1.77059e-06 9.42112e-07 0 
0 0 0 0 0 0 0 0 0 0 
0 0 0 0 0 0 0 0 0 0 
0 6.69475e-07 1.2582e-06 1.69517e-06 1.92768e-06 1.92768e-06 1.69517e-06 1.2582e-06 6.69475e-07 0 
0 1.2582e-06 2.36465e-06 3.18588e-06 3.62285e-06 3.62285e-06 3.18588e-06 2.36465e-06 1.2582e-06 0 
0 1.69517e-06 3.18588e-06 4.29232e-06 4.88105e-06 4.88105e-06 4.29232e-06 3.18588e-06 1.69517e-06 0 
0 1.92768e-06 3.62285e-06 4.88105e-06 5.55052e-06 5.55052e-06 4.88105e-06 3.62285e-06 1.92768e-06 0 
0 1.92768e-06 3.62285e-06 4.88105e-06 5.55052e-06 5.55052e-06 4.88105e-06 3.62285e-06 1.92768e-06 0 
0 1.69517e-06 3.18588e-06 4.29232e-06 4.88105e-06 4.88105e-06 4.29232e-06 3.18588e-06 1.69517e-06 0 
0 1.2582e-06 2.36465e-06 3.18588e-06 3.62285e-06 3.62285e-06 3.18588e-06 2.36465e-06 1.2582e-06 0 
0 6.69475e-07 1.2582e-06 1.69517e-06 1.92768e-06 1.92768e-06 1.69517e-06 1.2582e-06 6.69475e-07 0 
0 0 0 0 0 0 0 0 0 0 
0 0 0 0 0 0 0 0 0 0 
0 4.75737e-07 8.94093e-07 1.20461e-06 1.36983e-06 1.36983e-06 1.20461e-06 8.94093e-07 4.75737e-07 0 
0 8.94093e-07 1.68034e-06 2.26392e-06 2.57444e-06 2.57444e-06 2.26392e-06 1.68034e-06 8.94093e-07 0 
0 1.20461e-06 2.26392e-06 3.05017e-06 3.46853e-06 3.46853e-06 3.05017e-06 2.26392e-06 1.20461e-06 0 
0 1.36983e-06 2.57444e-06 3.46853e-06 3.94427e-06 3.94427e-06 3.46853e-06 2.57444e-06 1.36983e-06 0 
0 1.36983e-06 2.57444e-06 3.46853e-06 3.94427e-06 3.94427e-06 3.46853e-06 2.57444e-06 1.36983e-06 0 
0 1.20461e-06 2.26392e-06 3.05017e-06 3.46853e-06 3.46853e-06 3.05017e-06 2.26392e-06 1.20461e-06 0 
0 8.94093e-07 1.68034e-06 2.26392e-06 2.57444e-06 2.57444e-06 2.26392e-06 1.68034e-06 8.94093e-07 0 
0 4.75737e-07 8.94093e-07 1.20461e-06 1.36983e-06 1.36983e-06 1.20461e-06 8.94093e-07 4.75737e-07 0 
0 0 0 0 0 0 0 0 0 0 
0 0 0 0 0 0 0 0 0 0 
0 3.38064e-07 6.35353e-07 8.56009e-07 9.73417e-07 9.73417e-07 8.56009e-07 6.35353e-07 3.38064e-07 0 
0 6.35353e-07 1.19407e-06 1.60877e-06 1.82943e-06 1.82943e-06 1.60877e-06 1.19407e-06 6.35353e-07 0 
0 8.56009e-07 1.60877e-06 2.16749e-06 2.46478e-06 2.46478e-06 2.16749e-06 1.60877e-06 8.56009e-07 0 
0 9.73417e-07 1.82943e-06 2.46478e-06 2.80284e-06 2.80284e-06 2.46478e-06 1.82943e-06 9.73417e-07 0 
0 9.73417e-07 1.82943e-06 2.46478e-06 2.80284e-06 2.80284e-06 2.46478e-06 1.82943e-06 9.73417e-07 0 
0 8.56009e-07 1.60877e-06 2.16749e-06 2.46478e-06 2.46478e-06 2.16749e-06 1.60877e-06 8.56009e-07 0 
0 6.35353e-07 1.19407e-06 1.60877e-06 1.82943e-06 1.82943e-06 1.60877e-06 1.19407e-06 6.35353e-07 0 
0 3.38064e-07 6.35353e-07 8.56009e-07 9.73417e-07 9.73417e-07 8.56009e-07 6.35353e-07 3.38064e-07 0 
0 0 0 0 0 0 0 0 0 0 
0 0 0 0 0 0 0 0 0 0 
0 2.40233e-07 4.5149e-07 6.08291e-07 6.91723e-07 6.91723e-07 6.08291e-07 4.5149e-07 2.40233e-07 0 
0 4.5149e-07 8.48524e-07 1.14321e-06 1.30001e-06 1.30001e-06 1.14321e-06 8.48524e-07 4.5149e-07 0 
0 6.08291e-07 1.14321e-06 1.54025e-06 1.7515e-06 1.7515e-06 1.54025e-06 1.14321e-06 6.08291e-07 0 
0 6.91723e-07 1.30001e-06 1.7515e-06 1.99174e-06 1.99174e-06 1.7515e-06 1.30001e-06 6.91723e-07 0 
0 6.91723e-07 1.30001e-06 1.7515e-06 1.99174e-06 1.99174e-06 1.7515e-06 1.30001e-06 6.91723e-07 0 
0 6.08291e-07 1.14321e-06 1.54025e-06 1.7515e-06 1.7515e-06 1.54025e-06 1.14321e-06 6.08291e-07 0 
0 4.5149e-07 8.48524e-07 1.14321e-06 1.30001e-06 1.30001e-06 1.14321e-06 8.48524e-07 4.5149e-07 0 
0 2.40233e-07 4.5149e-07 6.08291e-07 6.91723e-07 6.91723e-07 6.08291e-07 4.5149e-07 2.40233e-07 0 
0 0 0 0 0 0 0 0 0 0 
0 0 0 0 0 0 0 0 0 0 
0 1.70713e-07 3.20836e-07 4.32261e-07 4.91549e-07 4.91549e-07 4.32261e-07 3.20836e-07 1.70713e-07 0 
0 3.20836e-07 6.02974e-07 8.12384e-07 9.23809e-07 9.23809e-07 8.12384e-07 6.02974e-07 3.20836e-07 0 
0 4.32261e-07 8.12384e-07 1.09452e-06 1.24465e-06 1.24465e-06 1.09452e-06 8.12384e-07 4.32261e-07 0 
0 4.91549e-07 9.23809e-07 1.24465e-06 1.41536e-06 1.41536e-06 1.24465e-06 9.23809e-07 4.91549e-07 0 
0 4.91549e-07 9.23809e-07 1.24465e-06 1.41536e-06 1.41536e-06 1.24465e-06 9.23809e-07 4.91549e-07 0 
0 4.32261e-07 8.12384e-07 1.09452e-06 1.24465e-06 1.24465e-06 1.09452e-06 8.12384e-07 4.32261e-07 0 
0 3.20836e-07 6.02974e-07 8.12384e-07 9.23809e-07 9.23809e-07 8.12384e-07 6.02974e-07 3.20836e-07 0 
0 1.70713e-07 3.20836e-07 4.32261e-07 4.91549e-07 4.91549e-07 4.32261e-07 3.20836e-07 1.70713e-07 0 
0 0 0 0 0 0 0 0 0 0 
0 0 0 0 0 0 0 0 0 0 
0 1.21312e-07 2.27991e-07 3.07172e-07 3.49303e-07 3.49303e-07 3.07172e-07 2.27991e-07 1.21312e-07 0 
0 2.27991e-07 4.28483e-07 5.77294e-07 6.56475e-07 6.56475e-07 5.77294e-07 4.28483e-07 2.27991e-07 0 
0 3.07172e-07 5.77294e-07 7.77786e-07 8.84466e-07 8.84466e-07 7.77786e-07 5.77294e-07 3.07172e-07 0 
0 3.49303e-07 6.56475e-07 8.84466e-07 1.00578e-06 1.00578e-06 8.84466e-07 6.56475e-07 3.49303e-07 0 
0 3.49303e-07 6.56475e-07 8.84466e-07 1.00578e-06 1.00578e-06 8.84466e-07 6.56475e-07 3.49303e-07 0 
0 3.07172e-07 5.77294e-07 7.77786e-07 8.84466e-07 8.84466e-07 7.77786e-07 5.77294e-07 3.07172e-07 0 
0 2.27991e-07 4.28483e-07 5.77294e-07 6.56475e-07 6.56475e-07 5.77294e-07 4.28483e-07 2.27991e-07 0 
0 1.21312e-07 2.27991e-07 3.07172e-07 3.49303e-07 3.49303e-07 3.07172e-07 2.27991e-07 1.21312e-07 0 
0 0 0 0 0 0 0 0 0 0 
0 0 0 0 0 0 0 0 0 0 
0 8.62065e-08 1.62015e-07 2.18282e-07 2.48222e-07 2.48222e-07 2.18282e-07 1.62015e-07 8.62065e-08 0 
0 1.62015e-07 3.04489e-07 4.10237e-07 4.66504e-07 4.66504e-07 4.10237e-07 3.04489e-07 1.62015e-07 0 
0 2.18282e-07 4.10237e-07 5.52711e-07 6.28519e-07 6.28519e-07 5.52711e-07 4.10237e-07 2.18282e-07 0 
0 2.48222e-07 4.66504e-07 6.28519e-07 7.14726e-07 7.14726e-07 6.28519e-07 4.66504e-07 2.48222e-07 0 
0 2.48222e-07 4.66504e-07 6.28519e-07 7.14726e-07 7.14726e-07 6.28519e-07 4.66504e-07 2.48222e-07 0 
0 2.18282e-07 4.10237e-07 5.52711e-07 6.28519e-07 6.28519e-07 5.52711e-07 4.10237e-07 2.18282e-07 0 
0 1.62015e-07 3.04489e-07 4.10237e-07 4.66504e-07 4.66504e-07 4.10237e-07 3.04489e-07 1.62015e-07 0 
0 8.62065e-08 1.62015e-07 2.18282e-07 2.48222e-07 2.48222e-07 2.18282e-07 1.62015e-07 8.62065e-08 0 
0 0 0 0 0 0 0 0 0 0 
0 0 0 0 0 0 0 0 0 0 
0 6.12603e-08 1.15132e-07 1.55117e-07 1.76392e-07 1.76392e-07 1.55117e-07 1.15132e-07 6.12603e-08 0 
0 1.15132e-07 2.16377e-07 2.91524e-07 3.31509e-07 3.31509e-07 2.91524e-07 2.16377e-07 1.15132e-07 0 
0 1.55117e-07 2.91524e-07 3.92769e-07 4.4664e-07 4.4664e-07 3.92769e-07 2.91524e-07 1.55117e-07 0 
0 1.76392e-07 3.31509e-07 4.4664e-07 5.07901e-07 5.07901e-07 4.4664e-07 3.31509e-07 1.76392e-07 0 
0 1.76392e-07 3.31509e-07 4.4664e-07 5.07901e-07 5.07901e-07 4.4664e-07 3.31509e-07 1.76392e-07 0 
0 1.55117e-07 2.91524e-07 3.92769e-07 4.4664e-07 4.4664e-07 3.92769e-07 2.91524e-07 1.55117e-07 0 
0 1.15132e-07 2.16377e-07 2.91524e-07 3.31509e-07 3.31509e-07 2.91524e-07 2.16377e-07 1.15132e-07 0 
0 6.12603e-08 1.15132e-07 1.55117e-07 1.76392e-07 1.76392e-07 1.55117e-07 1.15132e-07 6.12603e-08 0 
0 0 0 0 0 0 0 0 0 0 
0 0 0 0 0 0 0 0 0 0 
0 4.35335e-08 8.18163e-08 1.10231e-07 1.2535e-07 1.2535e-07 1.10231e-07 8.18163e-08 4.35335e-08 0 
0 8.18163e-08 1.53764e-07 2.07166e-07 2.35581e-07 2.35581e-07 2.07166e-07 1.53764e-07 8.18163e-08 0 
0 1.10231e-07 2.07166e-07 2.79114e-07 3.17397e-07 3.17397e-07 2.79114e-07 2.07166e-07 1.10231e-07 0 
0 1.2535e-07 2.35581e-07 3.17397e-07 3.6093e-07 3.6093e-07 3.17397e-07 2.35581e-07 1.2535e-07 0 
0 1.2535e-07 2.35581e-07 3.17397e-07 3.6093e-07 3.6093e-07 3.17397e-07 2.35581e-07 1.2535e-07 0 
0 1.10231e-07 2.07166e-07 2.79114e-07 3.17397e-07 3.17397e-07 2.79114e-07 2.07166e-07 1.10231e-07 0 
0 8.18163e-08 1.53764e-07 2.07166e-07 2.35581e-07 2.35581e-07 2.07166e-07 1.53764e-07 8.18163e-08 0 
0 4.35335e-08 8.18163e-08 1.10231e-07 1.2535e-07 1.2535e-07 1.10231e-07 8.18163e-08 4.35335e-08 0 
0 0 0 0 0 0 0 0 0 0 
0 0 0 0 0 0 0 0 0 0 
0 3.09367e-08 5.8142e-08 7.83345e-08 8.90787e-08 8.90787e-08 7.83345e-08 5.8142e-08 3.09367e-08 0 
0 5.8142e-08 1.09271e-07 1.47221e-07 1.67413e-07 1.67413e-07 1.47221e-07 1.09271e-07 5.8142e-08 0 
0 7.83345e-08 1.47221e-07 1.9835e-07 2.25555e-07 2.25555e-07 1.9835e-07 1.47221e-07 7.83345e-08 0 
0 8.90787e-08 1.67413e-07 2.25555e-07 2.56492e-07 2.56492e-07 2.25555e-07 1.67413e-07 8.90787e-08 0 
0 8.90787e-08 1.67413e-07 2.25555e-07 2.56492e-07 2.56492e-07 2.25555e-07 1.67413e-07 8.90787e-08 0 
0 7.83345e-08 1.47221e-07 1.9835e-07 2.25555e-07 2.25555e-07 1.9835e-07 1.47221e-07 7.83345e-08 0 
0 5.8142e-08 1.09271e-07 1.47221e-07 1.67413e-07 1.67413e-07 1.47221e-07 1.09271e-07 5.8142e-08 0 
0 3.09367e-08 5.8142e-08 7.83345e-08 8.90787e-08 8.90787e-08 7.83345e-08 5.8142e-08 3.09367e-08 0 
0 0 0 0 0 0 0 0 0 0 
0 0 0 0 0 0 0 0 0 0 
0 2.19852e-08 4.13187e-08 5.56686e-08 6.3304e-08 6.3304e-08 5.56686e-08 4.13187e-08 2.19852e-08 0 
0 4.13187e-08 7.76538e-08 1.04623e-07 1.18973e-07 1.18973e-07 1.04623e-07 7.76538e-08 4.13187e-08 0 
0 5.56686e-08 1.04623e-07 1.40958e-07 1.60291e-07 1.60291e-07 1.40958e-07 1.04623e-07 5.56686e-08 0 
0 6.3304e-08 1.18973e-07 1.60291e-07 1.82276e-07 1.82276e-07 1.60291e-07 1.18973e-07 6.3304e-08 0 
0 6.3304e-08 1.18973e-07 1.60291e-07 1.82276e-07 1.82276e-07 1.60291e-07 1.18973e-07 6.3304e-08 0 
0 5.56686e-08 1.04623e-07 1.40958e-07 1.60291e-07 1.60291e-07 1.40958e-07 1.04623e-07 5.56686e-08 0 
0 4.13187e-08 7.76538e-08 1.04623e-07 1.18973e-07 1.18973e-07 1.04623e-07 7.76538e-08 4.13187e-08 0 
0 2.19852e-08 4.13187e-08 5.56686e-08 6.3304e-08 6.3304e-08 5.56686e-08 4.13187e-08 2.19852e-08 0 
0 0 0 0 0 0 0 0 0 0 
0 0 0 0 0 0 0 0 0 0 
0 1.56242e-08 2.93638e-08 3.95618e-08 4.4988e-08 4.4988e-08 3.95618e-08 2.93638e-08 1.56242e-08 0 
0 2.93638e-08 5.51859e-08 7.43518e-08 8.45498e-08 8.45498e-08 7.43518e-08 5.51859e-08 2.93638e-08 0 
0 3.95618e-08 7.43518e-08 1.00174e-07 1.13914e-07 1.13914e-07 1.00174e-07 7.43518e-08 3.95618e-08 0 
0 4.4988e-08 8.45498e-08 1.13914e-07 1.29538e-07 1.29538e-07 1.13914e-07 8.45498e-08 4.4988e-08 0 
0 4.4988e-08 8.45498e-08 1.13914e-07 1.29538e-07 1.29538e-07 1.13914e-07 8.45498e-08 4.4988e-08 0 
0 3.95618e-08 7.43518e-08 1.00174e-07 1.13914e-07 1.13914e-07 1.00174e-07 7.43518e-08 3.95618e-08 0 
0 2.93638e-08 5.51859e-08 7.43518e-08 8.45498e-08 8.45498e-08 7.43518e-08 5.51859e-08 2.93638e-08 0 
0 1.56242e-08 2.93638e-08 3.95618e-08 4.4988e-08 4.4988e-08 3.95618e-08 2.93638e-08 1.56242e-08 0 
0 0 0 0 0 0 0 0 0 0 
0 0 0 0 0 0 0 0 0 0 
0 1.11041e-08 2.08689e-08 2.81166e-08 3.1973e-08 3.1973e-08 2.81166e-08 2.08689e-08 1.11041e-08 0 
0 2.08689e-08 3.92206e-08 5.28418e-08 6.00895e-08 6.00895e-08 5.28418e-08 3.92206e-08 2.08689e-08 0 
0 2.81166e-08 5.28418e-08 7.11936e-08 8.09584e-08 8.09584e-08 7.11936e-08 5.28418e-08 2.81166e-08 0 
0 3.1973e-08 6.00895e-08 8.09584e-08 9.20625e-08 9.20625e-08 8.09584e-08 6.00895e-08 3.1973e-08 0 
0 3.1973e-08 6.00895e-08 8.09584e-08 9.20625e-08 9.20625e-08 8.09584e-08 6.00895e-08 3.1973e-08 0 
0 2.81166e-08 5.28418e-08 7.11936e-08 8.09584e-08 8.09584e-08 7.11936e-08 5.28418e-08 2.81166e-08 0 
0 2.08689e-08 3.92206e-08 5.28418e-08 6.00895e-08 6.00895e-08 5.28418e-08 3.92206e-08 2.08689e-08 0 
0 1.11041e-08 2.08689e-08 2.81166e-08 3.1973e-08 3.1973e-08 2.81166e-08 2.08689e-08 1.11041e-08 0 
0 0 0 0 0 0 0 0 0 0 
0 0 0 0 0 0 0 0 0 0 
0 7.89208e-09 1.48323e-08 1.99835e-08 2.27243e-08 2.27243e-08 1.99835e-08 1.48323e-08 7.89208e-09 0 
0 1.48323e-08 2.78755e-08 3.75566e-08 4.27078e-08 4.27078e-08 3.75566e-08 2.78755e-08 1.48323e-08 0 
0 1.99835e-08 3.75566e-08 5.05999e-08 5.75401e-08 5.75401e-08 5.05999e-08 3.75566e-08 1.99835e-08 0 
0 2.27243e-08 4.27078e-08 5.75401e-08 6.54321e-08 6.54321e-08 5.75401e-08 4.27078e-08 2.27243e-08 0 
0 2.27243e-08 4.27078e-08 5.75401e-08 6.54321e-08 6.54321e-08 5.75401e-08 4.27078e-08 2.27243e-08 0 
0 1.99835e-08 3.75566e-08 5.05999e-08 5.75401e-08 5.75401e-08 5.05999e-08 3.75566e-08 1.99835e-08 0 
0 1.48323e-08 2.78755e-08 3.75566e-08 4.27078e-08 4.27078e-08 3.75566e-08 2.78755e-08 1.48323e-08 0 
0 7.89208e-09 1.48323e-08 1.99835e-08 2.27243e-08 2.27243e-08 1.99835e-08 1.48323e-08 7.89208e-09 0 
0 0 0 0 0 0 0 0 0 0 
0 0 0 0 0 0 0 0 0 0 
0 5.60956e-09 1.05425e-08 1.42039e-08 1.61521e-08 1.61521e-08 1.42039e-08 1.05425e-08 5.60956e-09 0 
0 1.05425e-08 1.98135e-08 2.66946e-08 3.0356e-08 3.0356e-08 2.66946e-08 1.98135e-08 1.05425e-08 0 
