0 0 0 0 0 0 0 0 0 0 
0 0.116978 0.219846 0.296198 0.336824 0.336824 0.296198 0.219846 0.116978 0 
0 0.219846 0.413176 0.55667 0.633022 0.633022 0.55667 0.413176 0.219846 0 
0 0.296198 0.55667 0.75 0.852869 0.852869 0.75 0.55667 0.296198 0 
0 0.336824 0.633022 0.852869 0.969846 0.969846 0.852869 0.633022 0.336824 0 
0 0.336824 0.633022 0.852869 0.969846 0.969846 0.852869 0.633022 0.336824 0 
0 0.296198 0.55667 0.75 0.852869 0.852869 0.75 0.55667 0.296198 0 
0 0.219846 0.413176 0.55667 0.633022 0.633022 0.55667 0.413176 0.219846 0 
0 0.116978 0.219846 0.296198 0.336824 0.336824 0.296198 0.219846 0.116978 0 
0 0 0 0 0 0 0 0 0 0 
0 0 0 0 0 0 0 0 0 0 
0 0.110324 0.207342 0.279351 0.317666 0.317666 0.279351 0.207342 0.110324 0 
0 0.207342 0.389676 0.525009 0.597018 0.597018 0.525009 0.389676 0.207342 0 
0 0.279351 0.525009 0.707342 0.80436 0.80436 0.707342 0.525009 0.279351 0 
0 0.317666 0.597018 0.80436 0.914684 0.914684 0.80436 0.597018 0.317666 0 
0 0.317666 0.597018 0.80436 0.914684 0.914684 0.80436 0.597018 0.317666 0 
0 0.279351 0.525009 0.707342 0.80436 0.80436 0.707342 0.525009 0.279351 0 
0 0.207342 0.389676 0.525009 0.597018 0.597018 0.525009 0.389676 0.207342 0 
0 0.110324 0.207342 0.279351 0.317666 0.317666 0.279351 0.207342 0.110324 0 
0 0 0 0 0 0 0 0 0 0 
0 0 0 0 0 0 0 0 0 0 
0 0.104049 0.195549 0.263462 0.299598 0.299598 0.263462 0.195549 0.104049 0 
0 0.195549 0.367512 0.495147 0.563061 0.563061 0.495147 0.367512 0.195549 0 
0 0.263462 0.495147 0.66711 0.75861 0.75861 0.66711 0.495147 0.263462 0 
0 0.299598 0.563061 0.75861 0.862659 0.862659 0.75861 0.563061 0.299598 0 
0 0.299598 0.563061 0.75861 0.862659 0.862659 0.75861 0.563061 0.299598 0 
0 0.263462 0.495147 0.66711 0.75861 0.75861 0.66711 0.495147 0.263462 0 
0 0.195549 0.367512 0.495147 0.563061 0.563061 0.495147 0.367512 0.195549 0 
0 0.104049 0.195549 0.263462 0.299598 0.299598 0.263462 0.195549 0.104049 0 
0 0 0 0 0 0 0 0 0 0 
0 0 0 0 0 0 0 0 0 0 
0 0.0981314 0.184427 0.248477 0.282558 0.282558 0.248477 0.184427 0.0981314 0 
0 0.184427 0.346609 0.466985 0.531036 0.531036 0.466985 0.346609 0.184427 0 
0 0.248477 0.466985 0.629167 0.715462 0.715462 0.629167 0.466985 0.248477 0 
0 0.282558 0.531036 0.715462 0.813594 0.813594 0.715462 0.531036 0.282558 0 
0 0.282558 0.531036 0.715462 0.813594 0.813594 0.715462 0.531036 0.282558 0 
0 0.248477 0.466985 0.629167 0.715462 0.715462 0.629167 0.466985 0.248477 0 
0 0.184427 0.346609 0.466985 0.531036 0.531036 0.466985 0.346609 0.184427 0 
0 0.0981314 0.184427 0.248477 0.282558 0.282558 0.248477 0.184427 0.0981314 0 
0 0 0 0 0 0 0 0 0 0 
0 0 0 0 0 0 0 0 0 0 
0 0.09255 0.173937 0.234345 0.266487 0.266487 0.234345 0.173937 0.09255 0 
0 0.173937 0.326895 0.440424 0.500832 0.500832 0.440424 0.326895 0.173937 0 
0 0.234345 0.440424 0.593382 0.674769 0.674769 0.593382 0.440424 0.234345 0 
0 0.266487 0.500832 0.674769 0.767319 0.767319 0.674769 0.500832 0.266487 0 
0 0.266487 0.500832 0.674769 0.767319 0.767319 0.674769 0.500832 0.266487 0 
0 0.234345 0.440424 0.593382 0.674769 0.674769 0.593382 0.440424 0.234345 0 
0 0.173937 0.326895 0.440424 0.500832 0.500832 0.440424 0.326895 0.173937 0 
0 0.09255 0.173937 0.234345 0.266487 0.266487 0.234345 0.173937 0.09255 0 
0 0 0 0 0 0 0 0 0 0 
0 0 0 0 0 0 0 0 0 0 
0 0.087286 0.164044 0.221016 0.25133 0.25133 0.221016 0.164044 0.087286 0 
0 0.164044 0.308302 0.415374 0.472346 0.472346 0.415374 0.308302 0.164044 0 
0 0.221016 0.415374 0.559632 0.63639 0.63639 0.559632 0.415374 0.221016 0 
0 0.25133 0.472346 0.63639 0.723676 0.723676 0.63639 0.472346 0.25133 0 
0 0.25133 0.472346 0.63639 0.723676 0.723676 0.63639 0.472346 0.25133 0 
0 0.221016 0.415374 0.559632 0.63639 0.63639 0.559632 0.415374 0.221016 0 
0 0.164044 0.308302 0.415374 0.472346 0.472346 0.415374 0.308302 0.164044 0 
0 0.087286 0.164044 0.221016 0.25133 0.25133 0.221016 0.164044 0.087286 0 
0 0 0 0 0 0 0 0 0 0 
0 0 0 0 0 0 0 0 0 0 
0 0.0823214 0.154714 0.208445 0.237035 0.237035 0.208445 0.154714 0.0823214 0 
0 0.154714 0.290766 0.391749 0.44548 0.44548 0.391749 0.290766 0.154714 0 
0 0.208445 0.391749 0.527801 0.600194 0.600194 0.527801 0.391749 0.208445 0 
0 0.237035 0.44548 0.600194 0.682515 0.682515 0.600194 0.44548 0.237035 0 
0 0.237035 0.44548 0.600194 0.682515 0.682515 0.600194 0.44548 0.237035 0 
0 0.208445 0.391749 0.527801 0.600194 0.600194 0.527801 0.391749 0.208445 0 
0 0.154714 0.290766 0.391749 0.44548 0.44548 0.391749 0.290766 0.154714 0 
0 0.0823214 0.154714 0.208445 0.237035 0.237035 0.208445 0.154714 0.0823214 0 
0 0 0 0 0 0 0 0 0 0 
0 0 0 0 0 0 0 0 0 0 
0 0.0776392 0.145914 0.196589 0.223553 0.223553 0.196589 0.145914 0.0776392 0 
0 0.145914 0.274228 0.369467 0.420142 0.420142 0.369467 0.274228 0.145914 0 
0 0.196589 0.369467 0.497782 0.566056 0.566056 0.497782 0.369467 0.196589 0 
0 0.223553 0.420142 0.566056 0.643695 0.643695 0.566056 0.420142 0.223553 0 
0 0.223553 0.420142 0.566056 0.643695 0.643695 0.566056 0.420142 0.223553 0 
0 0.196589 0.369467 0.497782 0.566056 0.566056 0.497782 0.369467 0.196589 0 
0 0.145914 0.274228 0.369467 0.420142 0.420142 0.369467 0.274228 0.145914 0 
0 0.0776392 0.145914 0.196589 0.223553 0.223553 0.196589 0.145914 0.0776392 0 
0 0 0 0 0 0 0 0 0 0 
0 0 0 0 0 0 0 0 0 0 
0 0.0732233 0.137615 0.185408 0.210838 0.210838 0.185408 0.137615 0.0732233 0 
0 0.137615 0.258631 0.348453 0.396246 0.396246 0.348453 0.258631 0.137615 0 
0 0.185408 0.348453 0.469469 0.533861 0.533861 0.469469 0.348453 0.185408 0 
0 0.210838 0.396246 0.533861 0.607084 0.607084 0.533861 0.396246 0.210838 0 
0 0.210838 0.396246 0.533861 0.607084 0.607084 0.533861 0.396246 0.210838 0 
0 0.185408 0.348453 0.469469 0.533861 0.533861 0.469469 0.348453 0.185408 0 
0 0.137615 0.258631 0.348453 0.396246 0.396246 0.348453 0.258631 0.137615 0 
0 0.0732233 0.137615 0.185408 0.210838 0.210838 0.185408 0.137615 0.0732233 0 
0 0 0 0 0 0 0 0 0 0 
0 0 0 0 0 0 0 0 0 0 
0 0.0690585 0.129788 0.174862 0.198846 0.198846 0.174862 0.129788 0.0690585 0 
0 0.129788 0.243921 0.328634 0.373708 0.373708 0.328634 0.243921 0.129788 0 
0 0.174862 0.328634 0.442767 0.503496 0.503496 0.442767 0.328634 0.174862 0 
0 0.198846 0.373708 0.503496 0.572555 0.572555 0.503496 0.373708 0.198846 0 
0 0.198846 0.373708 0.503496 0.572555 0.572555 0.503496 0.373708 0.198846 0 
0 0.174862 0.328634 0.442767 0.503496 0.503496 0.442767 0.328634 0.174862 0 
0 0.129788 0.243921 0.328634 0.373708 0.373708 0.328634 0.243921 0.129788 0 
0 0.0690585 0.129788 0.174862 0.198846 0.198846 0.174862 0.129788 0.0690585 0 
0 0 0 0 0 0 0 0 0 0 
0 0 0 0 0 0 0 0 0 0 
0 0.0651307 0.122406 0.164917 0.187536 0.187536 0.164917 0.122406 0.0651307 0 
0 0.122406 0.230047 0.309942 0.352453 0.352453 0.309942 0.230047 0.122406 0 
0 0.164917 0.309942 0.417584 0.474859 0.474859 0.417584 0.309942 0.164917 0 
0 0.187536 0.352453 0.474859 0.539989 0.539989 0.474859 0.352453 0.187536 0 
0 0.187536 0.352453 0.474859 0.539989 0.539989 0.474859 0.352453 0.187536 0 
0 0.164917 0.309942 0.417584 0.474859 0.474859 0.417584 0.309942 0.164917 0 
0 0.122406 0.230047 0.309942 0.352453 0.352453 0.309942 0.230047 0.122406 0 
0 0.0651307 0.122406 0.164917 0.187536 0.187536 0.164917 0.122406 0.0651307 0 
0 0 0 0 0 0 0 0 0 0 
0 0 0 0 0 0 0 0 0 0 
0 0.0614262 0.115444 0.155537 0.17687 0.17687 0.155537 0.115444 0.0614262 0 
0 0.115444 0.216963 0.292313 0.332406 0.332406 0.292313 0.216963 0.115444 0 
0 0.155537 0.292313 0.393833 0.44785 0.44785 0.393833 0.292313 0.155537 0 
0 0.17687 0.332406 0.44785 0.509276 0.509276 0.44785 0.332406 0.17687 0 
0 0.17687 0.332406 0.44785 0.509276 0.509276 0.44785 0.332406 0.17687 0 
0 0.155537 0.292313 0.393833 0.44785 0.44785 0.393833 0.292313 0.155537 0 
0 0.115444 0.216963 0.292313 0.332406 0.332406 0.292313 0.216963 0.115444 0 
0 0.0614262 0.115444 0.155537 0.17687 0.17687 0.155537 0.115444 0.0614262 0 
0 0 0 0 0 0 0 0 0 0 
0 0 0 0 0 0 0 0 0 0 
0 0.0579325 0.108877 0.14669 0.16681 0.16681 0.14669 0.108877 0.0579325 0 
0 0.108877 0.204623 0.275687 0.3135 0.3135 0.275687 0.204623 0.108877 0 
0 0.14669 0.275687 0.371432 0.422377 0.422377 0.371432 0.275687 0.14669 0 
0 0.16681 0.3135 0.422377 0.48031 0.48031 0.422377 0.3135 0.16681 0 
0 0.16681 0.3135 0.422377 0.48031 0.48031 0.422377 0.3135 0.16681 0 
0 0.14669 0.275687 0.371432 0.422377 0.422377 0.371432 0.275687 0.14669 0 
0 0.108877 0.204623 0.275687 0.3135 0.3135 0.275687 0.204623 0.108877 0 
0 0.0579325 0.108877 0.14669 0.16681 0.16681 0.14669 0.108877 0.0579325 0 
0 0 0 0 0 0 0 0 0 0 
0 0 0 0 0 0 0 0 0 0 
0 0.0546374 0.102685 0.138347 0.157322 0.157322 0.138347 0.102685 0.0546374 0 
0 0.102685 0.192984 0.260007 0.295669 0.295669 0.260007 0.192984 0.102685 0 
0 0.138347 0.260007 0.350306 0.398354 0.398354 0.350306 0.260007 0.138347 0 
0 0.157322 0.295669 0.398354 0.452991 0.452991 0.398354 0.295669 0.157322 0 
0 0.157322 0.295669 0.398354 0.452991 0.452991 0.398354 0.295669 0.157322 0 
0 0.138347 0.260007 0.350306 0.398354 0.398354 0.350306 0.260007 0.138347 0 
0 0.102685 0.192984 0.260007 0.295669 0.295669 0.260007 0.192984 0.102685 0 
0 0.0546374 0.102685 0.138347 0.157322 0.157322 0.138347 0.102685 0.0546374 0 
0 0 0 0 0 0 0 0 0 0 
0 0 0 0 0 0 0 0 0 0 
0 0.0515298 0.0968443 0.130478 0.148374 0.148374 0.130478 0.0968443 0.0515298 0 
0 0.0968443 0.182008 0.245218 0.278852 0.278852 0.245218 0.182008 0.0968443 0 
0 0.130478 0.245218 0.330382 0.375696 0.375696 0.330382 0.245218 0.130478 0 
0 0.148374 0.278852 0.375696 0.427226 0.427226 0.375696 0.278852 0.148374 0 
0 0.148374 0.278852 0.375696 0.427226 0.427226 0.375696 0.278852 0.148374 0 
0 0.130478 0.245218 0.330382 0.375696 0.375696 0.330382 0.245218 0.130478 0 
0 0.0968443 0.182008 0.245218 0.278852 0.278852 0.245218 0.182008 0.0968443 0 
0 0.0515298 0.0968443 0.130478 0.148374 0.148374 0.130478 0.0968443 0.0515298 0 
0 0 0 0 0 0 0 0 0 0 
0 0 0 0 0 0 0 0 0 0 
0 0.0485989 0.0913361 0.123057 0.139935 0.139935 0.123057 0.0913361 0.0485989 0 
0 0.0913361 0.171656 0.231271 0.262992 0.262992 0.231271 0.171656 0.0913361 0 
0 0.123057 0.231271 0.311591 0.354328 0.354328 0.311591 0.231271 0.123057 0 
0 0.139935 0.262992 0.354328 0.402927 0.402927 0.354328 0.262992 0.139935 0 
0 0.139935 0.262992 0.354328 0.402927 0.402927 0.354328 0.262992 0.139935 0 
0 0.123057 0.231271 0.311591 0.354328 0.354328 0.311591 0.231271 0.123057 0 
0 0.0913361 0.171656 0.231271 0.262992 0.262992 0.231271 0.171656 0.0913361 0 
0 0.0485989 0.0913361 0.123057 0.139935 0.139935 0.123057 0.0913361 0.0485989 0 
0 0 0 0 0 0 0 0 0 0 
0 0 0 0 0 0 0 0 0 0 
0 0.0458347 0.0861411 0.116058 0.131976 0.131976 0.116058 0.0861411 0.0458347 0 
0 0.0861411 0.161892 0.218117 0.248034 0.248034 0.218117 0.161892 0.0861411 0 
0 0.116058 0.218117 0.293868 0.334175 0.334175 0.293868 0.218117 0.116058 0 
0 0.131976 0.248034 0.334175 0.380009 0.380009 0.334175 0.248034 0.131976 0 
0 0.131976 0.248034 0.334175 0.380009 0.380009 0.334175 0.248034 0.131976 0 
0 0.116058 0.218117 0.293868 0.334175 0.334175 0.293868 0.218117 0.116058 0 
0 0.0861411 0.161892 0.218117 0.248034 0.248034 0.218117 0.161892 0.0861411 0 
0 0.0458347 0.0861411 0.116058 0.131976 0.131976 0.116058 0.0861411 0.0458347 0 
0 0 0 0 0 0 0 0 0 0 
0 0 0 0 0 0 0 0 0 0 
0 0.0432278 0.0812417 0.109457 0.124469 0.124469 0.109457 0.0812417 0.0432278 0 
0 0.0812417 0.152684 0.205711 0.233926 0.233926 0.205711 0.152684 0.0812417 0 
0 0.109457 0.205711 0.277154 0.315168 0.315168 0.277154 0.205711 0.109457 0 
0 0.124469 0.233926 0.315168 0.358396 0.358396 0.315168 0.233926 0.124469 0 
0 0.124469 0.233926 0.315168 0.358396 0.358396 0.315168 0.233926 0.124469 0 
0 0.109457 0.205711 0.277154 0.315168 0.315168 0.277154 0.205711 0.109457 0 
0 0.0812417 0.152684 0.205711 0.233926 0.233926 0.205711 0.152684 0.0812417 0 
0 0.0432278 0.0812417 0.109457 0.124469 0.124469 0.109457 0.0812417 0.0432278 0 
0 0 0 0 0 0 0 0 0 0 
0 0 0 0 0 0 0 0 0 0 
0 0.0407691 0.0766209 0.103231 0.11739 0.11739 0.103231 0.0766209 0.0407691 0 
0 0.0766209 0.144 0.194011 0.220621 0.220621 0.194011 0.144 0.0766209 0 
0 0.103231 0.194011 0.26139 0.297242 0.297242 0.26139 0.194011 0.103231 0 
0 0.11739 0.220621 0.297242 0.338011 0.338011 0.297242 0.220621 0.11739 0 
0 0.11739 0.220621 0.297242 0.338011 0.338011 0.297242 0.220621 0.11739 0 
0 0.103231 0.194011 0.26139 0.297242 0.297242 0.26139 0.194011 0.103231 0 
0 0.0766209 0.144 0.194011 0.220621 0.220621 0.194011 0.144 0.0766209 0 
0 0.0407691 0.0766209 0.103231 0.11739 0.11739 0.103231 0.0766209 0.0407691 0 
0 0 0 0 0 0 0 0 0 0 
0 0 0 0 0 0 0 0 0 0 
0 0.0384503 0.0722629 0.0973595 0.110713 0.110713 0.0973595 0.0722629 0.0384503 0 
0 0.0722629 0.13581 0.182976 0.208073 0.208073 0.182976 0.13581 0.0722629 0 
0 0.0973595 0.182976 0.246523 0.280336 0.280336 0.246523 0.182976 0.0973595 0 
0 0.110713 0.208073 0.280336 0.318786 0.318786 0.280336 0.208073 0.110713 0 
0 0.110713 0.208073 0.280336 0.318786 0.318786 0.280336 0.208073 0.110713 0 
0 0.0973595 0.182976 0.246523 0.280336 0.280336 0.246523 0.182976 0.0973595 0 
0 0.0722629 0.13581 0.182976 0.208073 0.208073 0.182976 0.13581 0.0722629 0 
0 0.0384503 0.0722629 0.0973595 0.110713 0.110713 0.0973595 0.0722629 0.0384503 0 
0 0 0 0 0 0 0 0 0 0 
0 0 0 0 0 0 0 0 0 0 
0 0.0362633 0.0681528 0.091822 0.104416 0.104416 0.091822 0.0681528 0.0362633 0 
0 0.0681528 0.128085 0.172569 0.196238 0.196238 0.172569 0.128085 0.0681528 0 
0 0.091822 0.172569 0.232501 0.264391 0.264391 0.232501 0.172569 0.091822 0 
0 0.104416 0.196238 0.264391 0.300654 0.300654 0.264391 0.196238 0.104416 0 
0 0.104416 0.196238 0.264391 0.300654 0.300654 0.264391 0.196238 0.104416 0 
0 0.091822 0.172569 0.232501 0.264391 0.264391 0.232501 0.172569 0.091822 0 
0 0.0681528 0.128085 0.172569 0.196238 0.196238 0.172569 0.128085 0.0681528 0 
0 0.0362633 0.0681528 0.091822 0.104416 0.104416 0.091822 0.0681528 0.0362633 0 
0 0 0 0 0 0 0 0 0 0 
0 0 0 0 0 0 0 0 0 0 
0 0.0342008 0.0642764 0.0865994 0.0984772 0.0984772 0.0865994 0.0642764 0.0342008 0 
0 0.0642764 0.1208 0.162754 0.185077 0.185077 0.162754 0.1208 0.0642764 0 
0 0.0865994 0.162754 0.219277 0.249353 0.249353 0.219277 0.162754 0.0865994 0 
0 0.0984772 0.185077 0.249353 0.283554 0.283554 0.249353 0.185077 0.0984772 0 
0 0.0984772 0.185077 0.249353 0.283554 0.283554 0.249353 0.185077 0.0984772 0 
0 0.0865994 0.162754 0.219277 0.249353 0.249353 0.219277 0.162754 0.0865994 0 
0 0.0642764 0.1208 0.162754 0.185077 0.185077 0.162754 0.1208 0.0642764 0 
0 0.0342008 0.0642764 0.0865994 0.0984772 0.0984772 0.0865994 0.0642764 0.0342008 0 
0 0 0 0 0 0 0 0 0 0 
0 0 0 0 0 0 0 0 0 0 
0 0.0322555 0.0606206 0.0816739 0.0928761 0.0928761 0.0816739 0.0606206 0.0322555 0 
0 0.0606206 0.113929 0.153497 0.17455 0.17455 0.153497 0.113929 0.0606206 0 
0 0.0816739 0.153497 0.206805 0.235171 0.235171 0.206805 0.153497 0.0816739 0 
0 0.0928761 0.17455 0.235171 0.267426 0.267426 0.235171 0.17455 0.0928761 0 
0 0.0928761 0.17455 0.235171 0.267426 0.267426 0.235171 0.17455 0.0928761 0 
0 0.0816739 0.153497 0.206805 0.235171 0.235171 0.206805 0.153497 0.0816739 0 
0 0.0606206 0.113929 0.153497 0.17455 0.17455 0.153497 0.113929 0.0606206 0 
0 0.0322555 0.0606206 0.0816739 0.0928761 0.0928761 0.0816739 0.0606206 0.0322555 0 
0 0 0 0 0 0 0 0 0 0 
0 0 0 0 0 0 0 0 0 0 
0 0.0304209 0.0571726 0.0770285 0.0875935 0.0875935 0.0770285 0.0571726 0.0304209 0 
0 0.0571726 0.107449 0.144766 0.164622 0.164622 0.144766 0.107449 0.0571726 0 
0 0.0770285 0.144766 0.195043 0.221795 0.221795 0.195043 0.144766 0.0770285 0 
0 0.0875935 0.164622 0.221795 0.252216 0.252216 0.221795 0.164622 0.0875935 0 
0 0.0875935 0.164622 0.221795 0.252216 0.252216 0.221795 0.164622 0.0875935 0 
0 0.0770285 0.144766 0.195043 0.221795 0.221795 0.195043 0.144766 0.0770285 0 
0 0.0571726 0.107449 0.144766 0.164622 0.164622 0.144766 0.107449 0.0571726 0 
0 0.0304209 0.0571726 0.0770285 0.0875935 0.0875935 0.0770285 0.0571726 0.0304209 0 
0 0 0 0 0 0 0 0 0 0 
0 0 0 0 0 0 0 0 0 0 
0 0.0286907 0.0539208 0.0726473 0.0826115 0.0826115 0.0726473 0.0539208 0.0286907 0 
0 0.0539208 0.101338 0.136532 0.155259 0.155259 0.136532 0.101338 0.0539208 0 
0 0.0726473 0.136532 0.183949 0.20918 0.20918 0.183949 0.136532 0.0726473 0 
0 0.0826115 0.155259 0.20918 0.23787 0.23787 0.20918 0.155259 0.0826115 0 
0 0.0826115 0.155259 0.20918 0.23787 0.23787 0.20918 0.155259 0.0826115 0 
0 0.0726473 0.136532 0.183949 0.20918 0.20918 0.183949 0.136532 0.0726473 0 
0 0.0539208 0.101338 0.136532 0.155259 0.155259 0.136532 0.101338 0.0539208 0 
0 0.0286907 0.0539208 0.0726473 0.0826115 0.0826115 0.0726473 0.0539208 0.0286907 0 
0 0 0 0 0 0 0 0 0 0 
0 0 0 0 0 0 0 0 0 0 
0 0.0270588 0.0508539 0.0685153 0.0779128 0.0779128 0.0685153 0.0508539 0.0270588 0 
0 0.0508539 0.0955741 0.128767 0.146428 0.146428 0.128767 0.0955741 0.0508539 0 
0 0.0685153 0.128767 0.173487 0.197282 0.197282 0.173487 0.128767 0.0685153 0 
0 0.0779128 0.146428 0.197282 0.224341 0.224341 0.197282 0.146428 0.0779128 0 
0 0.0779128 0.146428 0.197282 0.224341 0.224341 0.197282 0.146428 0.0779128 0 
0 0.0685153 0.128767 0.173487 0.197282 0.197282 0.173487 0.128767 0.0685153 0 
0 0.0508539 0.0955741 0.128767 0.146428 0.146428 0.128767 0.0955741 0.0508539 0 
0 0.0270588 0.0508539 0.0685153 0.0779128 0.0779128 0.0685153 0.0508539 0.0270588 0 
0 0 0 0 0 0 0 0 0 0 
0 0 0 0 0 0 0 0 0 0 
0 0.0255198 0.0479615 0.0646184 0.0734813 0.0734813 0.0646184 0.0479615 0.0255198 0 
0 0.0479615 0.0901381 0.121443 0.1381 0.1381 0.121443 0.0901381 0.0479615 0 
0 0.0646184 0.121443 0.163619 0.186061 0.186061 0.163619 0.121443 0.0646184 0 
0 0.0734813 0.1381 0.186061 0.211581 0.211581 0.186061 0.1381 0.0734813 0 
0 0.0734813 0.1381 0.186061 0.211581 0.211581 0.186061 0.1381 0.0734813 0 
0 0.0646184 0.121443 0.163619 0.186061 0.186061 0.163619 0.121443 0.0646184 0 
0 0.0479615 0.0901381 0.121443 0.1381 0.1381 0.121443 0.0901381 0.0479615 0 
0 0.0255198 0.0479615 0.0646184 0.0734813 0.0734813 0.0646184 0.0479615 0.0255198 0 
0 0 0 0 0 0 0 0 0 0 
0 0 0 0 0 0 0 0 0 0 
0 0.0240683 0.0452336 0.060943 0.0693019 0.0693019 0.060943 0.0452336 0.0240683 0 
0 0.0452336 0.0850113 0.114535 0.130245 0.130245 0.114535 0.0850113 0.0452336 0 
0 0.060943 0.114535 0.154313 0.175479 0.175479 0.154313 0.114535 0.060943 0 
0 0.0693019 0.130245 0.175479 0.199547 0.199547 0.175479 0.130245 0.0693019 0 
0 0.0693019 0.130245 0.175479 0.199547 0.199547 0.175479 0.130245 0.0693019 0 
0 0.060943 0.114535 0.154313 0.175479 0.175479 0.154313 0.114535 0.060943 0 
0 0.0452336 0.0850113 0.114535 0.130245 0.130245 0.114535 0.0850113 0.0452336 0 
0 0.0240683 0.0452336 0.060943 0.0693019 0.0693019 0.060943 0.0452336 0.0240683 0 
0 0 0 0 0 0 0 0 0 0 
0 0 0 0 0 0 0 0 0 0 
0 0.0226993 0.0426608 0.0574768 0.0653602 0.0653602 0.0574768 0.0426608 0.0226993 0 
0 0.0426608 0.0801761 0.108021 0.122837 0.122837 0.108021 0.0801761 0.0426608 0 
0 0.0574768 0.108021 0.145536 0.165498 0.165498 0.145536 0.108021 0.0574768 0 
0 0.0653602 0.122837 0.165498 0.188197 0.188197 0.165498 0.122837 0.0653602 0 
0 0.0653602 0.122837 0.165498 0.188197 0.188197 0.165498 0.122837 0.0653602 0 
0 0.0574768 0.108021 0.145536 0.165498 0.165498 0.145536 0.108021 0.0574768 0 
0 0.0426608 0.0801761 0.108021 0.122837 0.122837 0.108021 0.0801761 0.0426608 0 
0 0.0226993 0.0426608 0.0574768 0.0653602 0.0653602 0.0574768 0.0426608 0.0226993 0 
0 0 0 0 0 0 0 0 0 0 
0 0 0 0 0 0 0 0 0 0 
0 0.0214083 0.0402344 0.0542077 0.0616427 0.0616427 0.0542077 0.0402344 0.0214083 0 
0 0.0402344 0.0756159 0.101877 0.11585 0.11585 0.101877 0.0756159 0.0402344 0 
0 0.0542077 0.101877 0.137259 0.156085 0.156085 0.137259 0.101877 0.0542077 0 
0 0.0616427 0.11585 0.156085 0.177493 0.177493 0.156085 0.11585 0.0616427 0 
0 0.0616427 0.11585 0.156085 0.177493 0.177493 0.156085 0.11585 0.0616427 0 
0 0.0542077 0.101877 0.137259 0.156085 0.156085 0.137259 0.101877 0.0542077 0 
0 0.0402344 0.0756159 0.101877 0.11585 0.11585 0.101877 0.0756159 0.0402344 0 
0 0.0214083 0.0402344 0.0542077 0.0616427 0.0616427 0.0542077 0.0402344 0.0214083 0 
0 0 0 0 0 0 0 0 0 0 
0 0 0 0 0 0 0 0 0 0 
0 0.0201906 0.037946 0.0511245 0.0581366 0.0581366 0.0511245 0.037946 0.0201906 0 
0 0.037946 0.0713151 0.0960826 0.109261 0.109261 0.0960826 0.0713151 0.037946 0 
0 0.0511245 0.0960826 0.129452 0.147207 0.147207 0.129452 0.0960826 0.0511245 0 
0 0.0581366 0.109261 0.147207 0.167398 0.167398 0.147207 0.109261 0.0581366 0 
0 0.0581366 0.109261 0.147207 0.167398 0.167398 0.147207 0.109261 0.0581366 0 
0 0.0511245 0.0960826 0.129452 0.147207 0.147207 0.129452 0.0960826 0.0511245 0 
0 0.037946 0.0713151 0.0960826 0.109261 0.109261 0.0960826 0.0713151 0.037946 0 
0 0.0201906 0.037946 0.0511245 0.0581366 0.0581366 0.0511245 0.037946 0.0201906 0 
0 0 0 0 0 0 0 0 0 0 
0 0 0 0 0 0 0 0 0 0 
0 0.0190422 0.0357877 0.0482166 0.0548299 0.0548299 0.0482166 0.0357877 0.0190422 0 
0 0.0357877 0.0672589 0.0906177 0.103047 0.103047 0.0906177 0.0672589 0.0357877 0 
0 0.0482166 0.0906177 0.122089 0.138834 0.138834 0.122089 0.0906177 0.0482166 0 
0 0.0548299 0.103047 0.138834 0.157877 0.157877 0.138834 0.103047 0.0548299 0 
0 0.0548299 0.103047 0.138834 0.157877 0.157877 0.138834 0.103047 0.0548299 0 
0 0.0482166 0.0906177 0.122089 0.138834 0.138834 0.122089 0.0906177 0.0482166 0 
0 0.0357877 0.0672589 0.0906177 0.103047 0.103047 0.0906177 0.0672589 0.0357877 0 
0 0.0190422 0.0357877 0.0482166 0.0548299 0.0548299 0.0482166 0.0357877 0.0190422 0 
0 0 0 0 0 0 0 0 0 0 
0 0 0 0 0 0 0 0 0 0 
0 0.0179592 0.0337522 0.0454742 0.0517114 0.0517114 0.0454742 0.0337522 0.0179592 0 
0 0.0337522 0.0634334 0.0854636 0.0971856 0.0971856 0.0854636 0.0634334 0.0337522 0 
0 0.0454742 0.0854636 0.115145 0.130938 0.130938 0.115145 0.0854636 0.0454742 0 
0 0.0517114 0.0971856 0.130938 0.148897 0.148897 0.130938 0.0971856 0.0517114 0 
0 0.0517114 0.0971856 0.130938 0.148897 0.148897 0.130938 0.0971856 0.0517114 0 
0 0.0454742 0.0854636 0.115145 0.130938 0.130938 0.115145 0.0854636 0.0454742 0 
0 0.0337522 0.0634334 0.0854636 0.0971856 0.0971856 0.0854636 0.0634334 0.0337522 0 
0 0.0179592 0.0337522 0.0454742 0.0517114 0.0517114 0.0454742 0.0337522 0.0179592 0 
0 0 0 0 0 0 0 0 0 0 
0 0 0 0 0 0 0 0 0 0 
0 0.0169377 0.0318325 0.0428878 0.0487702 0.0487702 0.0428878 0.0318325 0.0169377 0 
0 0.0318325 0.0598255 0.0806026 0.0916579 0.0916579 0.0806026 0.0598255 0.0318325 0 
0 0.0428878 0.0806026 0.108596 0.12349 0.12349 0.108596 0.0806026 0.0428878 0 
0 0.0487702 0.0916579 0.12349 0.140428 0.140428 0.12349 0.0916579 0.0487702 0 
0 0.0487702 0.0916579 0.12349 0.140428 0.140428 0.12349 0.0916579 0.0487702 0 
0 0.0428878 0.0806026 0.108596 0.12349 0.12349 0.108596 0.0806026 0.0428878 0 
0 0.0318325 0.0598255 0.0806026 0.0916579 0.0916579 0.0806026 0.0598255 0.0318325 0 
0 0.0169377 0.0318325 0.0428878 0.0487702 0.0487702 0.0428878 0.0318325 0.0169377 0 
0 0 0 0 0 0 0 0 0 0 
0 0 0 0 0 0 0 0 0 0 
0 0.0159743 0.0300219 0.0404484 0.0459963 0.0459963 0.0404484 0.0300219 0.0159743 0 
0 0.0300219 0.0564228 0.0760182 0.0864447 0.0864447 0.0760182 0.0564228 0.0300219 0 
0 0.0404484 0.0760182 0.102419 0.116467 0.116467 0.102419 0.0760182 0.0404484 0 
0 0.0459963 0.0864447 0.116467 0.132441 0.132441 0.116467 0.0864447 0.0459963 0 
0 0.0459963 0.0864447 0.116467 0.132441 0.132441 0.116467 0.0864447 0.0459963 0 
0 0.0404484 0.0760182 0.102419 0.116467 0.116467 0.102419 0.0760182 0.0404484 0 
0 0.0300219 0.0564228 0.0760182 0.0864447 0.0864447 0.0760182 0.0564228 0.0300219 0 
0 0.0159743 0.0300219 0.0404484 0.0459963 0.0459963 0.0404484 0.0300219 0.0159743 0 
0 0 0 0 0 0 0 0 0 0 
0 0 0 0 0 0 0 0 0 0 
0 0.0150658 0.0283144 0.0381478 0.0433801 0.0433801 0.0381478 0.0283144 0.0150658 0 
0 0.0283144 0.0532136 0.0716945 0.0815279 0.0815279 0.0716945 0.0532136 0.0283144 0 
0 0.0381478 0.0716945 0.0965937 0.109842 0.109842 0.0965937 0.0716945 0.0381478 0 
0 0.0433801 0.0815279 0.109842 0.124908 0.124908 0.109842 0.0815279 0.0433801 0 
0 0.0433801 0.0815279 0.109842 0.124908 0.124908 0.109842 0.0815279 0.0433801 0 
0 0.0381478 0.0716945 0.0965937 0.109842 0.109842 0.0965937 0.0716945 0.0381478 0 
0 0.0283144 0.0532136 0.0716945 0.0815279 0.0815279 0.0716945 0.0532136 0.0283144 0 
0 0.0150658 0.0283144 0.0381478 0.0433801 0.0433801 0.0381478 0.0283144 0.0150658 0 
0 0 0 0 0 0 0 0 0 0 
0 0 0 0 0 0 0 0 0 0 
0 0.0142089 0.0267039 0.0359781 0.0409128 0.0409128 0.0359781 0.0267039 0.0142089 0 
0 0.0267039 0.0501869 0.0676167 0.0768909 0.0768909 0.0676167 0.0501869 0.0267039 0 
0 0.0359781 0.0676167 0.0910997 0.103595 0.103595 0.0910997 0.0676167 0.0359781 0 
0 0.0409128 0.0768909 0.103595 0.117804 0.117804 0.103595 0.0768909 0.0409128 0 
0 0.0409128 0.0768909 0.103595 0.117804 0.117804 0.103595 0.0768909 0.0409128 0 
0 0.0359781 0.0676167 0.0910997 0.103595 0.103595 0.0910997 0.0676167 0.0359781 0 
0 0.0267039 0.0501869 0.0676167 0.0768909 0.0768909 0.0676167 0.0501869 0.0267039 0 
0 0.0142089 0.0267039 0.0359781 0.0409128 0.0409128 0.0359781 0.0267039 0.0142089 0 
0 0 0 0 0 0 0 0 0 0 
0 0 0 0 0 0 0 0 0 0 
0 0.0134007 0.0251851 0.0339318 0.0385858 0.0385858 0.0339318 0.0251851 0.0134007 0 
0 0.0251851 0.0473325 0.0637708 0.0725175 0.0725175 0.0637708 0.0473325 0.0251851 0 
0 0.0339318 0.0637708 0.0859182 0.0977026 0.0977026 0.0859182 0.0637708 0.0339318 0 
0 0.0385858 0.0725175 0.0977026 0.111103 0.111103 0.0977026 0.0725175 0.0385858 0 
0 0.0385858 0.0725175 0.0977026 0.111103 0.111103 0.0977026 0.0725175 0.0385858 0 
0 0.0339318 0.0637708 0.0859182 0.0977026 0.0977026 0.0859182 0.0637708 0.0339318 0 
0 0.0251851 0.0473325 0.0637708 0.0725175 0.0725175 0.0637708 0.0473325 0.0251851 0 
0 0.0134007 0.0251851 0.0339318 0.0385858 0.0385858 0.0339318 0.0251851 0.0134007 0 
0 0 0 0 0 0 0 0 0 0 
0 0 0 0 0 0 0 0 0 0 
0 0.0126385 0.0237526 0.0320018 0.0363911 0.0363911 0.0320018 0.0237526 0.0126385 0 
0 0.0237526 0.0446403 0.0601437 0.0683929 0.0683929 0.0601437 0.0446403 0.0237526 0 
0 0.0320018 0.0601437 0.0810314 0.0921455 0.0921455 0.0810314 0.0601437 0.0320018 0 
0 0.0363911 0.0683929 0.0921455 0.104784 0.104784 0.0921455 0.0683929 0.0363911 0 
0 0.0363911 0.0683929 0.0921455 0.104784 0.104784 0.0921455 0.0683929 0.0363911 0 
0 0.0320018 0.0601437 0.0810314 0.0921455 0.0921455 0.0810314 0.0601437 0.0320018 0 
0 0.0237526 0.0446403 0.0601437 0.0683929 0.0683929 0.0601437 0.0446403 0.0237526 0 
0 0.0126385 0.0237526 0.0320018 0.0363911 0.0363911 0.0320018 0.0237526 0.0126385 0 
0 0 0 0 0 0 0 0 0 0 
0 0 0 0 0 0 0 0 0 0 
0 0.0119197 0.0224016 0.0301816 0.0343213 0.0343213 0.0301816 0.0224016 0.0119197 0 
0 0.0224016 0.0421013 0.0567229 0.0645029 0.0645029 0.0567229 0.0421013 0.0224016 0 
0 0.0301816 0.0567229 0.0764226 0.0869046 0.0869046 0.0764226 0.0567229 0.0301816 0 
0 0.0343213 0.0645029 0.0869046 0.0988242 0.0988242 0.0869046 0.0645029 0.0343213 0 
0 0.0343213 0.0645029 0.0869046 0.0988242 0.0988242 0.0869046 0.0645029 0.0343213 0 
0 0.0301816 0.0567229 0.0764226 0.0869046 0.0869046 0.0764226 0.0567229 0.0301816 0 
0 0.0224016 0.0421013 0.0567229 0.0645029 0.0645029 0.0567229 0.0421013 0.0224016 0 
0 0.0119197 0.0224016 0.0301816 0.0343213 0.0343213 0.0301816 0.0224016 0.0119197 0 
0 0 0 0 0 0 0 0 0 0 
0 0 0 0 0 0 0 0 0 0 
0 0.0112417 0.0211275 0.028465 0.0323692 0.0323692 0.028465 0.0211275 0.0112417 0 
0 0.0211275 0.0397067 0.0534967 0.0608342 0.0608342 0.0534967 0.0397067 0.0211275 0 
0 0.028465 0.0534967 0.0720759 0.0819617 0.0819617 0.0720759 0.0534967 0.028465 0 
0 0.0323692 0.0608342 0.0819617 0.0932034 0.0932034 0.0819617 0.0608342 0.0323692 0 
0 0.0323692 0.0608342 0.0819617 0.0932034 0.0932034 0.0819617 0.0608342 0.0323692 0 
0 0.028465 0.0534967 0.0720759 0.0819617 0.0819617 0.0720759 0.0534967 0.028465 0 
0 0.0211275 0.0397067 0.0534967 0.0608342 0.0608342 0.0534967 0.0397067 0.0211275 0 
0 0.0112417 0.0211275 0.028465 0.0323692 0.0323692 0.028465 0.0211275 0.0112417 0 
0 0 0 0 0 0 0 0 0 0 
0 0 0 0 0 0 0 0 0 0 
0 0.0106023 0.0199258 0.026846 0.0305281 0.0305281 0.026846 0.0199258 0.0106023 0 
0 0.0199258 0.0374483 0.0504539 0.0573741 0.0573741 0.0504539 0.0374483 0.0199258 0 
0 0.026846 0.0504539 0.0679764 0.0772999 0.0772999 0.0679764 0.0504539 0.026846 0 
0 0.0305281 0.0573741 0.0772999 0.0879022 0.0879022 0.0772999 0.0573741 0.0305281 0 
0 0.0305281 0.0573741 0.0772999 0.0879022 0.0879022 0.0772999 0.0573741 0.0305281 0 
0 0.026846 0.0504539 0.0679764 0.0772999 0.0772999 0.0679764 0.0504539 0.026846 0 
0 0.0199258 0.0374483 0.0504539 0.0573741 0.0573741 0.0504539 0.0374483 0.0199258 0 
0 0.0106023 0.0199258 0.026846 0.0305281 0.0305281 0.026846 0.0199258 0.0106023 0 
0 0 0 0 0 0 0 0 0 0 
0 0 0 0 0 0 0 0 0 0 
0 0.00999927 0.0187925 0.025319 0.0287918 0.0287918 0.025319 0.0187925 0.00999927 0 
0 0.0187925 0.0353183 0.0475842 0.0541108 0.0541108 0.0475842 0.0353183 0.0187925 0 
0 0.025319 0.0475842 0.0641101 0.0729033 0.0729033 0.0641101 0.0475842 0.025319 0 
0 0.0287918 0.0541108 0.0729033 0.0829026 0.0829026 0.0729033 0.0541108 0.0287918 0 
0 0.0287918 0.0541108 0.0729033 0.0829026 0.0829026 0.0729033 0.0541108 0.0287918 0 
0 0.025319 0.0475842 0.0641101 0.0729033 0.0729033 0.0641101 0.0475842 0.025319 0 
0 0.0187925 0.0353183 0.0475842 0.0541108 0.0541108 0.0475842 0.0353183 0.0187925 0 
0 0.00999927 0.0187925 0.025319 0.0287918 0.0287918 0.025319 0.0187925 0.00999927 0 
0 0 0 0 0 0 0 0 0 0 
0 0 0 0 0 0 0 0 0 0 
0 0.00943054 0.0177236 0.023879 0.0271542 0.0271542 0.023879 0.0177236 0.00943054 0 
0 0.0177236 0.0333095 0.0448778 0.0510331 0.0510331 0.0448778 0.0333095 0.0177236 0 
0 0.023879 0.0448778 0.0604637 0.0687568 0.0687568 0.0604637 0.0448778 0.023879 0 
0 0.0271542 0.0510331 0.0687568 0.0781873 0.0781873 0.0687568 0.0510331 0.0271542 0 
0 0.0271542 0.0510331 0.0687568 0.0781873 0.0781873 0.0687568 0.0510331 0.0271542 0 
0 0.023879 0.0448778 0.0604637 0.0687568 0.0687568 0.0604637 0.0448778 0.023879 0 
0 0.0177236 0.0333095 0.0448778 0.0510331 0.0510331 0.0448778 0.0333095 0.0177236 0 
0 0.00943054 0.0177236 0.023879 0.0271542 0.0271542 0.023879 0.0177236 0.00943054 0 
0 0 0 0 0 0 0 0 0 0 
0 0 0 0 0 0 0 0 0 0 
0 0.00889416 0.0167156 0.0225208 0.0256097 0.0256097 0.0225208 0.0167156 0.00889416 0 
0 0.0167156 0.031415 0.0423253 0.0481305 0.0481305 0.0423253 0.031415 0.0167156 0 
0 0.0225208 0.0423253 0.0570247 0.0648461 0.0648461 0.0570247 0.0423253 0.0225208 0 
0 0.0256097 0.0481305 0.0648461 0.0737402 0.0737402 0.0648461 0.0481305 0.0256097 0 
0 0.0256097 0.0481305 0.0648461 0.0737402 0.0737402 0.0648461 0.0481305 0.0256097 0 
0 0.0225208 0.0423253 0.0570247 0.0648461 0.0648461 0.0570247 0.0423253 0.0225208 0 
0 0.0167156 0.031415 0.0423253 0.0481305 0.0481305 0.0423253 0.031415 0.0167156 0 
0 0.00889416 0.0167156 0.0225208 0.0256097 0.0256097 0.0225208 0.0167156 0.00889416 0 
0 0 0 0 0 0 0 0 0 0 
0 0 0 0 0 0 0 0 0 0 
0 0.00838828 0.0157648 0.0212399 0.0241531 0.0241531 0.0212399 0.0157648 0.00838828 0 
0 0.0157648 0.0296282 0.0399179 0.045393 0.045393 0.0399179 0.0296282 0.0157648 0 
0 0.0212399 0.0399179 0.0537813 0.0611578 0.0611578 0.0537813 0.0399179 0.0212399 0 
0 0.0241531 0.045393 0.0611578 0.0695461 0.0695461 0.0611578 0.045393 0.0241531 0 
0 0.0241531 0.045393 0.0611578 0.0695461 0.0695461 0.0611578 0.045393 0.0241531 0 
0 0.0212399 0.0399179 0.0537813 0.0611578 0.0611578 0.0537813 0.0399179 0.0212399 0 
0 0.0157648 0.0296282 0.0399179 0.045393 0.045393 0.0399179 0.0296282 0.0157648 0 
0 0.00838828 0.0157648 0.0212399 0.0241531 0.0241531 0.0212399 0.0157648 0.00838828 0 
0 0 0 0 0 0 0 0 0 0 
0 0 0 0 0 0 0 0 0 0 
0 0.00791118 0.0148682 0.0200318 0.0227793 0.0227793 0.0200318 0.0148682 0.00791118 0 
0 0.0148682 0.027943 0.0376475 0.0428112 0.0428112 0.0376475 0.027943 0.0148682 0 
0 0.0200318 0.0376475 0.0507223 0.0576793 0.0576793 0.0507223 0.0376475 0.0200318 0 
0 0.0227793 0.0428112 0.0576793 0.0655905 0.0655905 0.0576793 0.0428112 0.0227793 0 
0 0.0227793 0.0428112 0.0576793 0.0655905 0.0655905 0.0576793 0.0428112 0.0227793 0 
0 0.0200318 0.0376475 0.0507223 0.0576793 0.0576793 0.0507223 0.0376475 0.0200318 0 
0 0.0148682 0.027943 0.0376475 0.0428112 0.0428112 0.0376475 0.027943 0.0148682 0 
0 0.00791118 0.0148682 0.0200318 0.0227793 0.0227793 0.0200318 0.0148682 0.00791118 0 
0 0 0 0 0 0 0 0 0 0 
0 0 0 0 0 0 0 0 0 0 
0 0.00746121 0.0140225 0.0188925 0.0214837 0.0214837 0.0188925 0.0140225 0.00746121 0 
0 0.0140225 0.0263537 0.0355062 0.0403762 0.0403762 0.0355062 0.0263537 0.0140225 0 
0 0.0188925 0.0355062 0.0478374 0.0543987 0.0543987 0.0478374 0.0355062 0.0188925 0 
0 0.0214837 0.0403762 0.0543987 0.0618599 0.0618599 0.0543987 0.0403762 0.0214837 0 
0 0.0214837 0.0403762 0.0543987 0.0618599 0.0618599 0.0543987 0.0403762 0.0214837 0 
0 0.0188925 0.0355062 0.0478374 0.0543987 0.0543987 0.0478374 0.0355062 0.0188925 0 
0 0.0140225 0.0263537 0.0355062 0.0403762 0.0403762 0.0355062 0.0263537 0.0140225 0 
0 0.00746121 0.0140225 0.0188925 0.0214837 0.0214837 0.0188925 0.0140225 0.00746121 0 
0 0 0 0 0 0 0 0 0 0 
0 0 0 0 0 0 0 0 0 0 
0 0.00703684 0.0132249 0.0178179 0.0202618 0.0202618 0.0178179 0.0132249 0.00703684 0 
0 0.0132249 0.0248547 0.0334867 0.0380797 0.0380797 0.0334867 0.0248547 0.0132249 0 
0 0.0178179 0.0334867 0.0451165 0.0513046 0.0513046 0.0451165 0.0334867 0.0178179 0 
0 0.0202618 0.0380797 0.0513046 0.0583415 0.0583415 0.0513046 0.0380797 0.0202618 0 
0 0.0202618 0.0380797 0.0513046 0.0583415 0.0583415 0.0513046 0.0380797 0.0202618 0 
0 0.0178179 0.0334867 0.0451165 0.0513046 0.0513046 0.0451165 0.0334867 0.0178179 0 
0 0.0132249 0.0248547 0.0334867 0.0380797 0.0380797 0.0334867 0.0248547 0.0132249 0 
0 0.00703684 0.0132249 0.0178179 0.0202618 0.0202618 0.0178179 0.0132249 0.00703684 0 
0 0 0 0 0 0 0 0 0 0 
0 0 0 0 0 0 0 0 0 0 
0 0.0066366 0.0124727 0.0168045 0.0191093 0.0191093 0.0168045 0.0124727 0.0066366 0 
0 0.0124727 0.0234411 0.0315821 0.0359138 0.0359138 0.0315821 0.0234411 0.0124727 0 
0 0.0168045 0.0315821 0.0425504 0.0483866 0.0483866 0.0425504 0.0315821 0.0168045 0 
0 0.0191093 0.0359138 0.0483866 0.0550232 0.0550232 0.0483866 0.0359138 0.0191093 0 
0 0.0191093 0.0359138 0.0483866 0.0550232 0.0550232 0.0483866 0.0359138 0.0191093 0 
0 0.0168045 0.0315821 0.0425504 0.0483866 0.0483866 0.0425504 0.0315821 0.0168045 0 
0 0.0124727 0.0234411 0.0315821 0.0359138 0.0359138 0.0315821 0.0234411 0.0124727 0 
0 0.0066366 0.0124727 0.0168045 0.0191093 0.0191093 0.0168045 0.0124727 0.0066366 0 
0 0 0 0 0 0 0 0 0 0 
0 0 0 0 0 0 0 0 0 0 
0 0.00625913 0.0117633 0.0158487 0.0180225 0.0180225 0.0158487 0.0117633 0.00625913 0 
0 0.0117633 0.0221078 0.0297858 0.0338711 0.0338711 0.0297858 0.0221078 0.0117633 0 
0 0.0158487 0.0297858 0.0401303 0.0456345 0.0456345 0.0401303 0.0297858 0.0158487 0 
0 0.0180225 0.0338711 0.0456345 0.0518936 0.0518936 0.0456345 0.0338711 0.0180225 0 
0 0.0180225 0.0338711 0.0456345 0.0518936 0.0518936 0.0456345 0.0338711 0.0180225 0 
0 0.0158487 0.0297858 0.0401303 0.0456345 0.0456345 0.0401303 0.0297858 0.0158487 0 
0 0.0117633 0.0221078 0.0297858 0.0338711 0.0338711 0.0297858 0.0221078 0.0117633 0 
0 0.00625913 0.0117633 0.0158487 0.0180225 0.0180225 0.0158487 0.0117633 0.00625913 0 
0 0 0 0 0 0 0 0 0 0 
0 0 0 0 0 0 0 0 0 0 
0 0.00590313 0.0110943 0.0149473 0.0169974 0.0169974 0.0149473 0.0110943 0.00590313 0 
0 0.0110943 0.0208504 0.0280916 0.0319446 0.0319446 0.0280916 0.0208504 0.0110943 0 
0 0.0149473 0.0280916 0.0378478 0.0430389 0.0430389 0.0378478 0.0280916 0.0149473 0 
0 0.0169974 0.0319446 0.0430389 0.048942 0.048942 0.0430389 0.0319446 0.0169974 0 
0 0.0169974 0.0319446 0.0430389 0.048942 0.048942 0.0430389 0.0319446 0.0169974 0 
0 0.0149473 0.0280916 0.0378478 0.0430389 0.0430389 0.0378478 0.0280916 0.0149473 0 
0 0.0110943 0.0208504 0.0280916 0.0319446 0.0319446 0.0280916 0.0208504 0.0110943 0 
0 0.00590313 0.0110943 0.0149473 0.0169974 0.0169974 0.0149473 0.0110943 0.00590313 0 
0 0 0 0 0 0 0 0 0 0 
0 0 0 0 0 0 0 0 0 0 
0 0.00556738 0.0104632 0.0140971 0.0160306 0.0160306 0.0140971 0.0104632 0.00556738 0 
0 0.0104632 0.0196645 0.0264939 0.0301277 0.0301277 0.0264939 0.0196645 0.0104632 0 
0 0.0140971 0.0264939 0.0356951 0.040591 0.040591 0.0356951 0.0264939 0.0140971 0 
0 0.0160306 0.0301277 0.040591 0.0461583 0.0461583 0.040591 0.0301277 0.0160306 0 
0 0.0160306 0.0301277 0.040591 0.0461583 0.0461583 0.040591 0.0301277 0.0160306 0 
0 0.0140971 0.0264939 0.0356951 0.040591 0.040591 0.0356951 0.0264939 0.0140971 0 
0 0.0104632 0.0196645 0.0264939 0.0301277 0.0301277 0.0264939 0.0196645 0.0104632 0 
0 0.00556738 0.0104632 0.0140971 0.0160306 0.0160306 0.0140971 0.0104632 0.00556738 0 
0 0 0 0 0 0 0 0 0 0 
0 0 0 0 0 0 0 0 0 0 
0 0.00525072 0.00986812 0.0132953 0.0151188 0.0151188 0.0132953 0.00986812 0.00525072 0 
0 0.00986812 0.018546 0.024987 0.0284141 0.0284141 0.024987 0.018546 0.00986812 0 
0 0.0132953 0.024987 0.0336649 0.0382823 0.0382823 0.0336649 0.024987 0.0132953 0 
0 0.0151188 0.0284141 0.0382823 0.043533 0.043533 0.0382823 0.0284141 0.0151188 0 
0 0.0151188 0.0284141 0.0382823 0.043533 0.043533 0.0382823 0.0284141 0.0151188 0 
0 0.0132953 0.024987 0.0336649 0.0382823 0.0382823 0.0336649 0.024987 0.0132953 0 
0 0.00986812 0.018546 0.024987 0.0284141 0.0284141 0.024987 0.018546 0.00986812 0 
0 0.00525072 0.00986812 0.0132953 0.0151188 0.0151188 0.0132953 0.00986812 0.00525072 0 
0 0 0 0 0 0 0 0 0 0 
0 0 0 0 0 0 0 0 0 0 
0 0.00495207 0.00930685 0.0125391 0.0142589 0.0142589 0.0125391 0.00930685 0.00495207 0 
0 0.00930685 0.0174912 0.0235658 0.026798 0.026798 0.0235658 0.0174912 0.00930685 0 
0 0.0125391 0.0235658 0.0317501 0.0361049 0.0361049 0.0317501 0.0235658 0.0125391 0 
0 0.0142589 0.026798 0.0361049 0.0410569 0.0410569 0.0361049 0.026798 0.0142589 0 
0 0.0142589 0.026798 0.0361049 0.0410569 0.0410569 0.0361049 0.026798 0.0142589 0 
0 0.0125391 0.0235658 0.0317501 0.0361049 0.0361049 0.0317501 0.0235658 0.0125391 0 
0 0.00930685 0.0174912 0.0235658 0.026798 0.026798 0.0235658 0.0174912 0.00930685 0 
0 0.00495207 0.00930685 0.0125391 0.0142589 0.0142589 0.0125391 0.00930685 0.00495207 0 
0 0 0 0 0 0 0 0 0 0 
0 0 0 0 0 0 0 0 0 0 
0 0.00467041 0.0087775 0.0118259 0.0134479 0.0134479 0.0118259 0.0087775 0.00467041 0 
0 0.0087775 0.0164963 0.0222254 0.0252738 0.0252738 0.0222254 0.0164963 0.0087775 0 
0 0.0118259 0.0222254 0.0299442 0.0340513 0.0340513 0.0299442 0.0222254 0.0118259 0 
0 0.0134479 0.0252738 0.0340513 0.0387217 0.0387217 0.0340513 0.0252738 0.0134479 0 
0 0.0134479 0.0252738 0.0340513 0.0387217 0.0387217 0.0340513 0.0252738 0.0134479 0 
0 0.0118259 0.0222254 0.0299442 0.0340513 0.0340513 0.0299442 0.0222254 0.0118259 0 
0 0.0087775 0.0164963 0.0222254 0.0252738 0.0252738 0.0222254 0.0164963 0.0087775 0 
0 0.00467041 0.0087775 0.0118259 0.0134479 0.0134479 0.0118259 0.0087775 0.00467041 0 
0 0 0 0 0 0 0 0 0 0 
0 0 0 0 0 0 0 0 0 0 
0 0.00440477 0.00827826 0.0111533 0.012683 0.012683 0.0111533 0.00827826 0.00440477 0 
0 0.00827826 0.015558 0.0209613 0.0238363 0.0238363 0.0209613 0.015558 0.00827826 0 
0 0.0111533 0.0209613 0.0282411 0.0321146 0.0321146 0.0282411 0.0209613 0.0111533 0 
0 0.012683 0.0238363 0.0321146 0.0365193 0.0365193 0.0321146 0.0238363 0.012683 0 
0 0.012683 0.0238363 0.0321146 0.0365193 0.0365193 0.0321146 0.0238363 0.012683 0 
0 0.0111533 0.0209613 0.0282411 0.0321146 0.0321146 0.0282411 0.0209613 0.0111533 0 
0 0.00827826 0.015558 0.0209613 0.0238363 0.0238363 0.0209613 0.015558 0.00827826 0 
0 0.00440477 0.00827826 0.0111533 0.012683 0.012683 0.0111533 0.00827826 0.00440477 0 
0 0 0 0 0 0 0 0 0 0 
0 0 0 0 0 0 0 0 0 0 
0 0.00415424 0.00780742 0.0105189 0.0119617 0.0119617 0.0105189 0.00780742 0.00415424 0 
0 0.00780742 0.0146731 0.0197691 0.0224806 0.0224806 0.0197691 0.0146731 0.00780742 0 
0 0.0105189 0.0197691 0.0266348 0.030288 0.030288 0.0266348 0.0197691 0.0105189 0 
0 0.0119617 0.0224806 0.030288 0.0344422 0.0344422 0.030288 0.0224806 0.0119617 0 
0 0.0119617 0.0224806 0.030288 0.0344422 0.0344422 0.030288 0.0224806 0.0119617 0 
0 0.0105189 0.0197691 0.0266348 0.030288 0.030288 0.0266348 0.0197691 0.0105189 0 
0 0.00780742 0.0146731 0.0197691 0.0224806 0.0224806 0.0197691 0.0146731 0.00780742 0 
0 0.00415424 0.00780742 0.0105189 0.0119617 0.0119617 0.0105189 0.00780742 0.00415424 0 
0 0 0 0 0 0 0 0 0 0 
