0 0 0 0 0 0 0 0 0 0 
0 1 1 1 1 1 1 1 1 0 
0 1 1 1 1 1 1 1 1 0 
0 1 1 1 1 1 1 1 1 0 
0 1 1 1 1 1 1 1 1 0 
0 1 1 1 1 1 1 1 1 0 
0 1 1 1 1 1 1 1 1 0 
0 1 1 1 1 1 1 1 1 0 
0 1 1 1 1 1 1 1 1 0 
0 0 0 0 0 0 0 0 0 0 
0 0 0 0 0 0 0 0 0 0 
0 0.5 0.625 0.65625 0.664062 0.666016 0.666504 0.666626 0.416656 0 
0 0.625 0.8125 0.867188 0.882812 0.887207 0.888428 0.888763 0.576355 0 
0 0.65625 0.867188 0.933594 0.954102 0.960327 0.962189 0.962738 0.634773 0 
0 0.664062 0.882812 0.954102 0.977051 0.984344 0.986633 0.987343 0.655529 0 
0 0.666016 0.887207 0.960327 0.984344 0.992172 0.994701 0.995511 0.66276 0 
0 0.666504 0.888428 0.962189 0.986633 0.994701 0.997351 0.998215 0.665244 0 
0 0.666626 0.888763 0.962738 0.987343 0.995511 0.998215 0.999108 0.666088 0 
0 0.416656 0.576355 0.634773 0.655529 0.66276 0.665244 0.666088 0.333044 0 
0 0 0 0 0 0 0 0 0 0 
0 0 0 0 0 0 0 0 0 0 
0 0.3125 0.445312 0.494141 0.510742 0.516113 0.517792 0.455803 0.258039 0 
0 0.445312 0.65625 0.741699 0.773438 0.784576 0.78833 0.695807 0.397155 0 
0 0.494141 0.741699 0.8479 0.889679 0.905197 0.910725 0.807162 0.464961 0 
0 0.510742 0.773438 0.889679 0.937012 0.955254 0.962006 0.855052 0.495693 0 
0 0.516113 0.784576 0.905197 0.955254 0.974977 0.982461 0.874622 0.50889 0 
0 0.517792 0.78833 0.910725 0.962006 0.982461 0.990338 0.882328 0.514326 0 
0 0.455803 0.695807 0.807162 0.855052 0.874622 0.882328 0.774208 0.405395 0 
0 0.258039 0.397155 0.464961 0.495693 0.50889 0.514326 0.405395 0.202697 0 
0 0 0 0 0 0 0 0 0 0 
0 0 0 0 0 0 0 0 0 0 
0 0.222656 0.343262 0.398926 0.422119 0.431122 0.418814 0.343165 0.18508 0 
0 0.343262 0.54248 0.640686 0.684265 0.702229 0.681893 0.557344 0.301846 0 
0 0.398926 0.640686 0.765182 0.822914 0.84778 0.82471 0.675517 0.368264 0 
0 0.422119 0.684265 0.822914 0.889084 0.918462 0.895171 0.735251 0.403101 0 
0 0.431122 0.702229 0.84778 0.918462 0.950462 0.927648 0.763529 0.420239 0 
0 0.418814 0.681893 0.82471 0.895171 0.927648 0.904988 0.739263 0.391224 0 
0 0.343165 0.557344 0.675517 0.735251 0.763529 0.739263 0.572329 0.291563 0 
0 0.18508 0.301846 0.368264 0.403101 0.420239 0.391224 0.291563 0.145781 0 
0 0 0 0 0 0 0 0 0 0 
0 0 0 0 0 0 0 0 0 0 
0 0.171631 0.278259 0.335266 0.362663 0.370926 0.348996 0.272855 0.143675 0 
0 0.278259 0.459473 0.561047 0.612213 0.628203 0.589813 0.460008 0.242987 0 
0 0.335266 0.561047 0.69198 0.760264 0.78291 0.735853 0.574844 0.305233 0 
0 0.362663 0.612213 0.760264 0.839363 0.866976 0.816432 0.639477 0.341237 0 
0 0.370926 0.628203 0.78291 0.866976 0.897312 0.845565 0.661136 0.348399 0 
0 0.348996 0.589813 0.735853 0.816432 0.845565 0.792414 0.604276 0.311059 0 
0 0.272855 0.460008 0.574844 0.639477 0.661136 0.604276 0.447919 0.22619 0 
0 0.143675 0.242987 0.305233 0.341237 0.348399 0.311059 0.22619 0.113095 0 
0 0 0 0 0 0 0 0 0 0 
0 0 0 0 0 0 0 0 0 0 
0 0.13913 0.233467 0.289294 0.318108 0.323827 0.296624 0.225077 0.117016 0 
0 0.233467 0.397257 0.497686 0.551066 0.561904 0.513597 0.389126 0.202844 0 
0 0.289294 0.497686 0.628975 0.700578 0.716328 0.6553 0.497284 0.260341 0 
0 0.318108 0.551066 0.700578 0.783777 0.803462 0.735951 0.558902 0.291911 0 
0 0.323827 0.561904 0.716328 0.803462 0.824514 0.753504 0.56627 0.29231 0 
0 0.296624 0.513597 0.6553 0.735951 0.753504 0.67889 0.501035 0.254884 0 
0 0.225077 0.389126 0.497284 0.558902 0.56627 0.501035 0.363612 0.182898 0 
0 0.117016 0.202844 0.260341 0.291911 0.29231 0.254884 0.182898 0.0914489 0 
0 0 0 0 0 0 0 0 0 0 
0 0 0 0 0 0 0 0 0 0 
0 0.116734 0.200821 0.254154 0.282262 0.285197 0.255968 0.190527 0.0983428 0 
0 0.200821 0.349254 0.445862 0.497652 0.503193 0.450897 0.335388 0.173518 0 
0 0.254154 0.445862 0.57322 0.642744 0.651175 0.583827 0.434615 0.225011 0 
0 0.282262 0.497652 0.642744 0.723103 0.733686 0.65748 0.487569 0.251222 0 
0 0.285197 0.503193 0.651175 0.733686 0.743595 0.661559 0.485618 0.247931 0 
0 0.255968 0.450897 0.583827 0.65748 0.661559 0.581297 0.421353 0.213045 0 
0 0.190527 0.335388 0.434615 0.487569 0.485618 0.421353 0.302125 0.151655 0 
0 0.0983428 0.173518 0.225011 0.251222 0.247931 0.213045 0.151655 0.0758274 0 
0 0 0 0 0 0 0 0 0 0 
0 0 0 0 0 0 0 0 0 0 
0 0.100411 0.175955 0.22602 0.252217 0.252845 0.223567 0.164325 0.0844606 0 
0 0.175955 0.310908 0.40195 0.450026 0.451236 0.398504 0.29274 0.150553 0 
0 0.22602 0.40195 0.522347 0.586663 0.588853 0.519863 0.381296 0.195768 0 
0 0.252217 0.450026 0.586663 0.660174 0.662525 0.582879 0.425254 0.217238 0 
0 0.252845 0.451236 0.588853 0.662525 0.662042 0.577959 0.418124 0.212102 0 
0 0.223567 0.398504 0.519863 0.582879 0.577959 0.499656 0.358238 0.180499 0 
0 0.164325 0.29274 0.381296 0.425254 0.418124 0.358238 0.254946 0.127818 0 
0 0.0844606 0.150553 0.195768 0.217238 0.212102 0.180499 0.127818 0.063909 0 
0 0 0 0 0 0 0 0 0 0 
0 0 0 0 0 0 0 0 0 0 
0 0.0879773 0.156226 0.202598 0.226367 0.225293 0.19703 0.143558 0.0735277 0 
0 0.156226 0.279088 0.363515 0.406945 0.404899 0.353633 0.25726 0.131639 0 
0 0.202598 0.363515 0.475089 0.532765 0.530013 0.461955 0.335059 0.170984 0 
0 0.226367 0.406945 0.532765 0.597645 0.593145 0.514578 0.37125 0.188584 0 
0 0.225293 0.404899 0.530013 0.593145 0.585552 0.504478 0.361517 0.18265 0 
0 0.19703 0.353633 0.461955 0.514578 0.504478 0.431358 0.30708 0.154387 0 
0 0.143558 0.25726 0.335059 0.37125 0.361517 0.30708 0.217449 0.108936 0 
0 0.0735277 0.131639 0.170984 0.188584 0.18265 0.154387 0.108936 0.0544681 0 
0 0 0 0 0 0 0 0 0 0 
0 0 0 0 0 0 0 0 0 0 
0 0.0781131 0.13995 0.182458 0.203674 0.201401 0.174648 0.126359 0.0644994 0 
0 0.13995 0.251732 0.329056 0.367599 0.363161 0.314256 0.226828 0.115578 0 
0 0.182458 0.329056 0.430911 0.481542 0.474951 0.409711 0.294693 0.149714 0 
0 0.203674 0.367599 0.481542 0.537343 0.528106 0.453386 0.324545 0.164227 0 
0 0.201401 0.363161 0.474951 0.528106 0.516292 0.440638 0.313728 0.158086 0 
0 0.174648 0.314256 0.409711 0.453386 0.440638 0.373859 0.264856 0.132969 0 
0 0.126359 0.226828 0.294693 0.324545 0.313728 0.264856 0.186896 0.0935834 0 
0 0.0644994 0.115578 0.149714 0.164227 0.158086 0.132969 0.0935834 0.0467917 0 
0 0 0 0 0 0 0 0 0 0 
0 0 0 0 0 0 0 0 0 0 
0 0.0699749 0.126041 0.164693 0.183423 0.180308 0.155231 0.11164 0.0568044 0 
0 0.126041 0.227549 0.297688 0.331454 0.325242 0.279253 0.200291 0.101702 0 
0 0.164693 0.297688 0.389615 0.433341 0.4241 0.362858 0.259352 0.13132 0 
0 0.183423 0.331454 0.433341 0.480723 0.468625 0.399167 0.284119 0.143381 0 
0 0.180308 0.325242 0.4241 0.468625 0.454632 0.385346 0.273102 0.137363 0 
0 0.155231 0.279253 0.362858 0.399167 0.385346 0.325101 0.229517 0.115116 0 
0 0.11164 0.200291 0.259352 0.284119 0.273102 0.229517 0.16155 0.0808644 0 
0 0.0568044 0.101702 0.13132 0.143381 0.137363 0.115116 0.0808644 0.0404322 0 
0 0 0 0 0 0 0 0 0 0 
0 0 0 0 0 0 0 0 0 0 
0 0.0630207 0.113816 0.148732 0.165123 0.161399 0.138073 0.0987921 0.0501236 0 
0 0.113816 0.205752 0.268888 0.298149 0.290725 0.247987 0.176958 0.0896006 0 
0 0.148732 0.268888 0.351114 0.388522 0.377683 0.321047 0.228361 0.115336 0 
0 0.165123 0.298149 0.388522 0.428573 0.415014 0.351381 0.249056 0.125439 0 
0 0.161399 0.290725 0.377683 0.415014 0.40018 0.337441 0.238344 0.119725 0 
0 0.138073 0.247987 0.321047 0.351381 0.337441 0.283479 0.199622 0.100053 0 
0 0.0987921 0.176958 0.228361 0.249056 0.238344 0.199622 0.140243 0.0701821 0 
0 0.0501236 0.0896006 0.115336 0.125439 0.119725 0.100053 0.0701821 0.0350911 0 
0 0 0 0 0 0 0 0 0 0 
0 0 0 0 0 0 0 0 0 0 
0 0.0569078 0.102848 0.134215 0.148441 0.14431 0.122772 0.0874635 0.044266 0 
0 0.102848 0.185868 0.242336 0.267506 0.259371 0.220037 0.156366 0.0789918 0 
0 0.134215 0.242336 0.315429 0.347298 0.335682 0.283865 0.201156 0.101397 0 
0 0.148441 0.267506 0.347298 0.381156 0.3671 0.309366 0.218576 0.109924 0 
0 0.14431 0.259371 0.335682 0.3671 0.35227 0.295865 0.208447 0.104606 0 
0 0.122772 0.220037 0.283865 0.309366 0.295865 0.247744 0.174122 0.0872275 0 
0 0.0874635 0.156366 0.201156 0.218576 0.208447 0.174122 0.122152 0.0611176 0 
0 0.044266 0.0789918 0.101397 0.109924 0.104606 0.0872275 0.0611176 0.0305588 0 
0 0 0 0 0 0 0 0 0 0 
0 0 0 0 0 0 0 0 0 0 
0 0.0514239 0.0928766 0.120913 0.133182 0.128831 0.109083 0.0774287 0.0391051 0 
0 0.0928766 0.167606 0.217864 0.239429 0.230995 0.195077 0.138163 0.0696663 0 
0 0.120913 0.217864 0.282581 0.309712 0.297918 0.250879 0.177254 0.0892111 0 
0 0.133182 0.239429 0.309712 0.338406 0.32449 0.272453 0.192019 0.0964591 0 
0 0.128831 0.230995 0.297918 0.32449 0.310177 0.259705 0.182613 0.0915749 0 
0 0.109083 0.195077 0.250879 0.272453 0.259705 0.216913 0.152226 0.0762298 0 
0 0.0774287 0.138163 0.177254 0.192019 0.182613 0.152226 0.106672 0.0533651 0 
0 0.0391051 0.0696663 0.0892111 0.0964591 0.0915749 0.0762298 0.0533651 0.0266826 0 
0 0 0 0 0 0 0 0 0 0 
0 0 0 0 0 0 0 0 0 0 
0 0.0464383 0.0837395 0.108696 0.119239 0.114829 0.0968338 0.0685256 0.034548 0 
0 0.0837395 0.150802 0.195377 0.213831 0.205414 0.172823 0.122067 0.0614565 0 
0 0.108696 0.195377 0.252544 0.275675 0.264114 0.221661 0.15624 0.0785388 0 
0 0.119239 0.213831 0.275675 0.300082 0.286707 0.240023 0.168834 0.0847369 0 
0 0.114829 0.205414 0.264114 0.286707 0.273206 0.228189 0.160206 0.0802932 0 
0 0.0968338 0.172823 0.221661 0.240023 0.228189 0.190208 0.133329 0.0667468 0 
0 0.0685256 0.122067 0.15624 0.168834 0.160206 0.133329 0.093347 0.0466941 0 
0 0.034548 0.0614565 0.0785388 0.0847369 0.0802932 0.0667468 0.0466941 0.023347 0 
0 0 0 0 0 0 0 0 0 0 
0 0 0 0 0 0 0 0 0 0 
0 0.0418698 0.0753419 0.0974895 0.106537 0.102196 0.0858861 0.0606253 0.0305204 0 
0 0.0753419 0.135359 0.174806 0.190608 0.182435 0.153012 0.107833 0.0542232 0 
0 0.0974895 0.174806 0.22524 0.245011 0.233954 0.195807 0.137753 0.0691783 0 
0 0.106537 0.190608 0.245011 0.265859 0.25326 0.211523 0.148555 0.0745065 0 
0 0.102196 0.182435 0.233954 0.25326 0.240725 0.200665 0.14071 0.0704909 0 
0 0.0858861 0.153012 0.195807 0.211523 0.200665 0.166997 0.11695 0.0585338 0 
0 0.0606253 0.107833 0.137753 0.148555 0.14071 0.11695 0.0818222 0.0409258 0 
0 0.0305204 0.0542232 0.0691783 0.0745065 0.0704909 0.0585338 0.0409258 0.0204629 0 
0 0 0 0 0 0 0 0 0 0 
0 0 0 0 0 0 0 0 0 0 
0 0.037671 0.06763 0.0872433 0.0950119 0.0908333 0.0761177 0.0536179 0.0269603 0 
0 0.06763 0.121218 0.156077 0.169634 0.161858 0.135404 0.0952496 0.0478471 0 
0 0.0872433 0.156077 0.200544 0.217498 0.207106 0.172946 0.121482 0.060959 0 
0 0.0950119 0.169634 0.217498 0.235379 0.223683 0.186462 0.13079 0.0655601 0 
0 0.0908333 0.161858 0.207106 0.223683 0.212174 0.176586 0.123704 0.0619496 0 
0 0.0761177 0.135404 0.172946 0.186462 0.176586 0.146768 0.102707 0.0513956 0 
0 0.0536179 0.0952496 0.121482 0.13079 0.123704 0.102707 0.0718165 0.0359187 0 
0 0.0269603 0.0478471 0.060959 0.0655601 0.0619496 0.0513956 0.0359187 0.0179594 0 
0 0 0 0 0 0 0 0 0 0 
0 0 0 0 0 0 0 0 0 0 
0 0.033815 0.0605691 0.0779146 0.0845955 0.0806429 0.0674162 0.0474065 0.0238134 0 
0 0.0605691 0.108323 0.139104 0.150764 0.143479 0.119773 0.0841272 0.0422249 0 
0 0.0779146 0.139104 0.178301 0.192887 0.183249 0.152742 0.107155 0.0537349 0 
0 0.0845955 0.150764 0.192887 0.208285 0.197543 0.164415 0.115209 0.0577233 0 
0 0.0806429 0.143479 0.183249 0.197543 0.187064 0.155488 0.108838 0.0544893 0 
0 0.0674162 0.119773 0.152742 0.164415 0.155488 0.129098 0.090287 0.0451738 0 
0 0.0474065 0.0841272 0.107155 0.115209 0.108838 0.090287 0.0631029 0.031559 0 
0 0.0238134 0.0422249 0.0537349 0.0577233 0.0544893 0.0451738 0.031559 0.0157795 0 
0 0 0 0 0 0 0 0 0 0 
0 0 0 0 0 0 0 0 0 0 
0 0.0302845 0.0541306 0.0694575 0.0752161 0.0715279 0.0596768 0.0419043 0.0210323 0 
0 0.0541306 0.0966173 0.123785 0.133842 0.127098 0.105911 0.0742987 0.0372665 0 
0 0.0694575 0.123785 0.158336 0.170928 0.162078 0.13489 0.0945329 0.0473807 0 
0 0.0752161 0.133842 0.170928 0.184235 0.174448 0.145009 0.101526 0.0508489 0 
0 0.0715279 0.127098 0.162078 0.174448 0.164968 0.136978 0.09582 0.0479607 0 
0 0.0596768 0.105911 0.13489 0.145009 0.136978 0.113633 0.0794323 0.039738 0 
0 0.0419043 0.0742987 0.0945329 0.101526 0.09582 0.0794323 0.0554957 0.0277533 0 
0 0.0210323 0.0372665 0.0473807 0.0508489 0.0479607 0.039738 0.0277533 0.0138766 0 
0 0 0 0 0 0 0 0 0 0 
0 0 0 0 0 0 0 0 0 0 
0 0.0270653 0.048285 0.0618215 0.0667978 0.0633931 0.0528021 0.0370333 0.0185749 0 
0 0.048285 0.086035 0.110009 0.118708 0.112522 0.0936282 0.0656152 0.0328927 0 
0 0.0618215 0.110009 0.140468 0.151372 0.143308 0.119119 0.0834103 0.041788 0 
0 0.0667978 0.118708 0.151372 0.16291 0.154049 0.127918 0.0894993 0.044812 0 
0 0.0633931 0.112522 0.143308 0.154049 0.145513 0.120721 0.0844033 0.0422383 0 
0 0.0528021 0.0936282 0.119119 0.127918 0.120721 0.100077 0.0699284 0.03498 0 
0 0.0370333 0.0656152 0.0834103 0.0894993 0.0844033 0.0699284 0.0488409 0.0244244 0 
0 0.0185749 0.0328927 0.041788 0.044812 0.0422383 0.03498 0.0244244 0.0122122 0 
0 0 0 0 0 0 0 0 0 0 
0 0 0 0 0 0 0 0 0 0 
0 0.0241425 0.0429997 0.0549515 0.0592632 0.0561469 0.0467021 0.0327231 0.0164039 0 
0 0.0429997 0.0765042 0.097658 0.105204 0.0995718 0.0827521 0.0579445 0.0290341 0 
0 0.0549515 0.097658 0.124515 0.133984 0.126681 0.10519 0.0736055 0.0368629 0 
0 0.0592632 0.105204 0.133984 0.144017 0.136032 0.112861 0.0789204 0.0395054 0 
0 0.0561469 0.0995718 0.126681 0.136032 0.128377 0.106429 0.0743791 0.0372161 0 
0 0.0467021 0.0827521 0.10519 0.112861 0.106429 0.0881789 0.0615947 0.0308088 0 
0 0.0327231 0.0579445 0.0736055 0.0789204 0.0743791 0.0615947 0.0430095 0.0215076 0 
0 0.0164039 0.0290341 0.0368629 0.0395054 0.0372161 0.0308088 0.0215076 0.0107538 0 
0 0 0 0 0 0 0 0 0 0 
0 0 0 0 0 0 0 0 0 0 
0 0.0214999 0.0382389 0.04879 0.0525352 0.0497023 0.0412944 0.0289107 0.0144862 0 
0 0.0382389 0.0679485 0.0866144 0.0931765 0.088078 0.0731268 0.0511693 0.0256296 0 
0 0.04879 0.0866144 0.110299 0.118543 0.111961 0.0928885 0.0649603 0.0325238 0 
0 0.0525352 0.0931765 0.118543 0.127288 0.120122 0.09959 0.0696087 0.0348372 0 
0 0.0497023 0.088078 0.111961 0.120122 0.113275 0.0938559 0.0655688 0.0328037 0 
0 0.0412944 0.0731268 0.0928885 0.09959 0.0938559 0.0777253 0.0542781 0.0271474 0 
0 0.0289107 0.0511693 0.0649603 0.0696087 0.0655688 0.0542781 0.0378929 0.0189485 0 
0 0.0144862 0.0256296 0.0325238 0.0348372 0.0328037 0.0271474 0.0189485 0.00947426 0 
0 0 0 0 0 0 0 0 0 0 
0 0 0 0 0 0 0 0 0 0 
0 0.0191195 0.0339645 0.0432785 0.0465393 0.0439779 0.0365039 0.0255398 0.0127924 0 
0 0.0339645 0.0602895 0.076761 0.0824804 0.0778865 0.0646121 0.0451854 0.0226254 0 
0 0.0432785 0.076761 0.0976522 0.104845 0.0989355 0.0820244 0.0573356 0.0286995 0 
0 0.0465393 0.0824804 0.104845 0.112483 0.106071 0.08789 0.0614079 0.0307278 0 
0 0.0439779 0.0778865 0.0989355 0.106071 0.0999635 0.0827869 0.0578192 0.0289236 0 
0 0.0365039 0.0646121 0.0820244 0.08789 0.0827869 0.0685325 0.047848 0.02393 0 
0 0.0255398 0.0451854 0.0573356 0.0614079 0.0578192 0.047848 0.0333982 0.0167006 0 
0 0.0127924 0.0226254 0.0286995 0.0307278 0.0289236 0.02393 0.0167006 0.00835032 0 
0 0 0 0 0 0 0 0 0 0 
0 0 0 0 0 0 0 0 0 0 
0 0.0169822 0.0301376 0.0383595 0.0412044 0.0388987 0.0322627 0.0225601 0.0112964 0 
0 0.0301376 0.0534493 0.0679853 0.0729804 0.0688567 0.0570823 0.0399009 0.0199742 0 
0 0.0383595 0.0679853 0.0864153 0.0927037 0.087414 0.0724305 0.0506097 0.0253279 0 
0 0.0412044 0.0729804 0.0927037 0.0993874 0.0936637 0.0775722 0.0541822 0.0271084 0 
0 0.0388987 0.0688567 0.087414 0.0936637 0.0882253 0.0730373 0.0509978 0.0255091 0 
0 0.0322627 0.0570823 0.0724305 0.0775722 0.0730373 0.0604426 0.0421922 0.0211005 0 
0 0.0225601 0.0399009 0.0506097 0.0541822 0.0509978 0.0421922 0.0294464 0.0147243 0 
0 0.0112964 0.0199742 0.0253279 0.0271084 0.0255091 0.0211005 0.0147243 0.00736215 0 
0 0 0 0 0 0 0 0 0 0 
0 0 0 0 0 0 0 0 0 0 
0 0.0150688 0.0267194 0.0339773 0.0364641 0.0343959 0.0285096 0.0199267 0.00997522 0 
0 0.0267194 0.0473524 0.0601813 0.0645514 0.0608609 0.0504254 0.035234 0.0176343 0 
0 0.0339773 0.0601813 0.0764425 0.0819488 0.077226 0.0639583 0.0446756 0.0223546 0 
0 0.0364641 0.0645514 0.0819488 0.0878063 0.0827075 0.0684713 0.0478133 0.0239192 0 
0 0.0343959 0.0608609 0.077226 0.0827075 0.0778724 0.064446 0.0449901 0.0225025 0 
0 0.0285096 0.0504254 0.0639583 0.0684713 0.064446 0.0533191 0.037214 0.0186102 0 
0 0.0199267 0.035234 0.0446756 0.0478133 0.0449901 0.037214 0.0259692 0.0129854 0 
0 0.00997522 0.0176343 0.0223546 0.0239192 0.0225025 0.0186102 0.0129854 0.00649269 0 
0 0 0 0 0 0 0 0 0 0 
0 0 0 0 0 0 0 0 0 0 
0 0.0133597 0.0236723 0.0300794 0.0322567 0.0304068 0.0251897 0.0175997 0.00880851 0 
0 0.0236723 0.0419268 0.0532501 0.0570791 0.0537843 0.0445416 0.0311128 0.015569 0 
0 0.0300794 0.0532501 0.0675994 0.0724277 0.0682195 0.056477 0.0394394 0.0197319 0 
0 0.0322567 0.0570791 0.0724277 0.0775676 0.0730327 0.0604423 0.0421978 0.021108 0 
0 0.0304068 0.0537843 0.0682195 0.0730327 0.0687394 0.0568727 0.0396967 0.0198537 0 
0 0.0251897 0.0445416 0.056477 0.0604423 0.0568727 0.0470434 0.0328299 0.0164172 0 
0 0.0175997 0.0311128 0.0394394 0.0421978 0.0396967 0.0328299 0.0229076 0.0114544 0 
0 0.00880851 0.015569 0.0197319 0.021108 0.0198537 0.0164172 0.0114544 0.00572719 0 
0 0 0 0 0 0 0 0 0 0 
0 0 0 0 0 0 0 0 0 0 
0 0.0118362 0.0209606 0.0266168 0.0285257 0.0268749 0.0222541 0.0155438 0.00777821 0 
0 0.0209606 0.0371053 0.0471002 0.0504595 0.0475239 0.0393419 0.0274735 0.0137459 0 
0 0.0266168 0.0471002 0.0597639 0.0640026 0.060259 0.0498707 0.0348185 0.0174181 0 
0 0.0285257 0.0504595 0.0640026 0.0685176 0.0644896 0.0533577 0.0372452 0.0186293 0 
0 0.0268749 0.0475239 0.060259 0.0644896 0.0606811 0.0501947 0.0350309 0.0175194 0 
0 0.0222541 0.0393419 0.0498707 0.0533577 0.0501947 0.0415123 0.028967 0.0144852 0 
0 0.0155438 0.0274735 0.0348185 0.0372452 0.0350309 0.028967 0.0202107 0.0101058 0 
0 0.00777821 0.0137459 0.0174181 0.0186293 0.0175194 0.0144852 0.0101058 0.00505289 0 
0 0 0 0 0 0 0 0 0 0 
0 0 0 0 0 0 0 0 0 0 
0 0.0104803 0.0185506 0.0235441 0.0252196 0.0237494 0.0196588 0.0137276 0.00686839 0 
0 0.0185506 0.0328254 0.0416482 0.0445986 0.0419872 0.0347476 0.0242599 0.0121366 0 
0 0.0235441 0.0416482 0.0528254 0.0565502 0.0532244 0.044037 0.0307401 0.0153765 0 
0 0.0252196 0.0445986 0.0565502 0.0605199 0.0569458 0.0471057 0.0328765 0.0164431 0 
0 0.0237494 0.0419872 0.0532244 0.0569458 0.0535703 0.0443048 0.0309169 0.0154613 0 
0 0.0196588 0.0347476 0.044037 0.0471057 0.0443048 0.0366359 0.0255622 0.0127823 0 
0 0.0137276 0.0242599 0.0307401 0.0328765 0.0309169 0.0255622 0.017834 0.00891729 0 
0 0.00686839 0.0121366 0.0153765 0.0164431 0.0154613 0.0127823 0.00891729 0.00445865 0 
0 0 0 0 0 0 0 0 0 0 
0 0 0 0 0 0 0 0 0 0 
0 0.00927531 0.0164112 0.0208198 0.0222919 0.0209845 0.0173649 0.0121233 0.00606497 0 
0 0.0164112 0.0290297 0.0368184 0.0394119 0.0370921 0.0306885 0.0214221 0.0107159 0 
0 0.0208198 0.0368184 0.0466843 0.0499601 0.0470088 0.0388858 0.0271402 0.0135748 0 
0 0.0222919 0.0394119 0.0499601 0.053453 0.0502844 0.0415879 0.029022 0.0145145 0 
0 0.0209845 0.0370921 0.0470088 0.0502844 0.0472946 0.0391088 0.0272886 0.0136464 0 
0 0.0173649 0.0306885 0.0388858 0.0415879 0.0391088 0.0323355 0.0225601 0.0112809 0 
0 0.0121233 0.0214221 0.0271402 0.029022 0.0272886 0.0225601 0.0157387 0.00786957 0 
0 0.00606497 0.0107159 0.0135748 0.0145145 0.0136464 0.0112809 0.00786957 0.00393478 0 
0 0 0 0 0 0 0 0 0 0 
0 0 0 0 0 0 0 0 0 0 
0 0.0082056 0.0145138 0.018406 0.0197006 0.0185394 0.0153378 0.0107062 0.00535553 0 
0 0.0145138 0.0256661 0.0325421 0.0348237 0.0327651 0.0271027 0.0189163 0.00946164 0 
0 0.018406 0.0325421 0.0412511 0.0441341 0.0415173 0.034337 0.0239625 0.0119847 0 
0 0.0197006 0.0348237 0.0441341 0.0472093 0.0444023 0.0367175 0.0256208 0.012813 0 
0 0.0185394 0.0327651 0.0415173 0.0444023 0.0417555 0.0345243 0.0240879 0.0120454 0 
0 0.0153378 0.0271027 0.034337 0.0367175 0.0345243 0.0285422 0.0199124 0.00995686 0 
0 0.0107062 0.0189163 0.0239625 0.0256208 0.0240879 0.0199124 0.013891 0.00694566 0 
0 0.00535553 0.00946164 0.0119847 0.012813 0.0120454 0.00995686 0.00694566 0.00347283 0 
0 0 0 0 0 0 0 0 0 0 
0 0 0 0 0 0 0 0 0 0 
0 0.00725689 0.0128322 0.0162687 0.017408 0.0163777 0.0135467 0.00945461 0.00472906 0 
0 0.0128322 0.0226872 0.0287577 0.0307662 0.028941 0.0239352 0.0167035 0.00835431 0 
0 0.0162687 0.0287577 0.0364459 0.0389847 0.0366662 0.0303204 0.0211573 0.0105811 0 
0 0.017408 0.0307662 0.0389847 0.0416935 0.0392082 0.0324184 0.0226191 0.0113114 0 
0 0.0163777 0.028941 0.0366662 0.0392082 0.0368662 0.0304787 0.0212639 0.0106331 0 
0 0.0135467 0.0239352 0.0303204 0.0324184 0.0304787 0.0251956 0.0175768 0.00878889 0 
0 0.00945461 0.0167035 0.0211573 0.0226191 0.0212639 0.0175768 0.0122612 0.00613074 0 
0 0.00472906 0.00835431 0.0105811 0.0113114 0.0106331 0.00878889 0.00613074 0.00306537 0 
0 0 0 0 0 0 0 0 0 0 
0 0 0 0 0 0 0 0 0 0 
0 0.00641612 0.011343 0.0143772 0.0153803 0.014467 0.0119642 0.00834919 0.00417588 0 
0 0.011343 0.0200503 0.0254099 0.027179 0.0255619 0.0211375 0.0147496 0.00737665 0 
0 0.0143772 0.0254099 0.0321973 0.034434 0.0323811 0.0267736 0.0186809 0.00934224 0 
0 0.0153803 0.027179 0.034434 0.0368211 0.0346217 0.0286233 0.0199699 0.00998629 0 
0 0.014467 0.0255619 0.0323811 0.0346217 0.0325502 0.0269082 0.018772 0.00938679 0 
0 0.0119642 0.0211375 0.0267736 0.0286233 0.0269082 0.0222425 0.0155162 0.00775843 0 
0 0.00834919 0.0147496 0.0186809 0.0199699 0.018772 0.0155162 0.0108235 0.00541181 0 
0 0.00417588 0.00737665 0.00934224 0.00998629 0.00938679 0.00775843 0.00541181 0.00270591 0 
0 0 0 0 0 0 0 0 0 0 
0 0 0 0 0 0 0 0 0 0 
0 0.0056715 0.0100248 0.0127037 0.0135874 0.0127784 0.0105663 0.00737293 0.0036874 0 
0 0.0100248 0.0177173 0.0224493 0.0240082 0.0225763 0.0186664 0.0130242 0.00651346 0 
0 0.0127037 0.0224493 0.0284417 0.030413 0.0285961 0.0236417 0.0164945 0.00824856 0 
0 0.0135874 0.0240082 0.030413 0.0325174 0.0305717 0.0252729 0.0176314 0.00881669 0 
0 0.0127784 0.0225763 0.0285961 0.0305717 0.02874 0.0237569 0.0165728 0.00828698 0 
0 0.0105663 0.0186664 0.0236417 0.0252729 0.0237569 0.0196365 0.0136978 0.00684915 0 
0 0.00737293 0.0130242 0.0164945 0.0176314 0.0165728 0.0136978 0.00955481 0.00477747 0 
0 0.0036874 0.00651346 0.00824856 0.00881669 0.00828698 0.00684915 0.00477747 0.00238873 0 
0 0 0 0 0 0 0 0 0 0 
0 0 0 0 0 0 0 0 0 0 
0 0.00501238 0.00885836 0.0112238 0.0120026 0.0112863 0.00933141 0.00651076 0.00325605 0 
0 0.00885836 0.0156538 0.0198319 0.0212059 0.0199387 0.016484 0.0115007 0.00575133 0 
0 0.0112238 0.0198319 0.0251224 0.0268605 0.0252531 0.0208761 0.0145642 0.00728305 0 
0 0.0120026 0.0212059 0.0268605 0.0287161 0.0269955 0.022315 0.0155672 0.0077843 0 
0 0.0112863 0.0199387 0.0252531 0.0269955 0.0253762 0.0209751 0.0146318 0.00731631 0 
0 0.00933141 0.016484 0.0208761 0.022315 0.0209751 0.0173365 0.012093 0.0060467 0 
0 0.00651076 0.0115007 0.0145642 0.0155672 0.0146318 0.012093 0.00843526 0.00421767 0 
0 0.00325605 0.00575133 0.00728305 0.0077843 0.00731631 0.0060467 0.00421767 0.00210884 0 
0 0 0 0 0 0 0 0 0 0 
0 0 0 0 0 0 0 0 0 0 
0 0.00442918 0.0078267 0.00991528 0.0106019 0.00996799 0.00824069 0.00574936 0.00287517 0 
0 0.0078267 0.0138293 0.0175182 0.0187298 0.0176087 0.0145566 0.0101554 0.0050784 0 
0 0.00991528 0.0175182 0.0221893 0.0237221 0.0223006 0.0184341 0.0128599 0.00643065 0 
0 0.0106019 0.0187298 0.0237221 0.0253588 0.0238377 0.0197035 0.0137449 0.00687296 0 
0 0.00996799 0.0176087 0.0223006 0.0238377 0.0224064 0.0185195 0.0129184 0.00645953 0 
0 0.00824069 0.0145566 0.0184341 0.0197035 0.0185195 0.0153063 0.0106767 0.00533847 0 
0 0.00574936 0.0101554 0.0128599 0.0137449 0.0129184 0.0106767 0.00744717 0.00372362 0 
0 0.00287517 0.0050784 0.00643065 0.00687296 0.00645953 0.00533847 0.00372362 0.00186181 0 
0 0 0 0 0 0 0 0 0 0 
0 0 0 0 0 0 0 0 0 0 
0 0.00391335 0.00691448 0.00875865 0.00936411 0.00880339 0.00727733 0.00507696 0.00253884 0 
0 0.00691448 0.0122164 0.0154735 0.0165421 0.0155507 0.0128544 0.00896741 0.00448423 0 
0 0.00875865 0.0154735 0.0195978 0.0209498 0.0196931 0.0162777 0.0113552 0.00567809 0 
0 0.00936411 0.0165421 0.0209498 0.0223938 0.0210492 0.0173978 0.0121361 0.00606843 0 
0 0.00880339 0.0155507 0.0196931 0.0210492 0.0197844 0.0163517 0.011406 0.00570323 0 
0 0.00727733 0.0128544 0.0162777 0.0173978 0.0163517 0.0135142 0.00942646 0.00471333 0 
0 0.00507696 0.00896741 0.0113552 0.0121361 0.011406 0.00942646 0.00657504 0.00328754 0 
0 0.00253884 0.00448423 0.00567809 0.00606843 0.00570323 0.00471333 0.00328754 0.00164377 0 
0 0 0 0 0 0 0 0 0 0 
0 0 0 0 0 0 0 0 0 0 
0 0.00345724 0.00610806 0.00773643 0.00827049 0.00777462 0.00642649 0.00448318 0.00224185 0 
0 0.00610806 0.0107908 0.0136668 0.0146095 0.0137329 0.0113511 0.00791842 0.00395959 0 
0 0.00773643 0.0136668 0.0173083 0.0185011 0.0173902 0.0143736 0.0100265 0.00501364 0 
0 0.00827049 0.0146095 0.0185011 0.0197752 0.0185869 0.0153621 0.0107158 0.00535816 0 
0 0.00777462 0.0137329 0.0173902 0.0185869 0.0174693 0.0144379 0.0100708 0.00503558 0 
0 0.00642649 0.0113511 0.0143736 0.0153621 0.0144379 0.0119322 0.00832285 0.00416149 0 
0 0.00448318 0.00791842 0.0100265 0.0107158 0.0100708 0.00832285 0.0058052 0.00290262 0 
0 0.00224185 0.00395959 0.00501364 0.00535816 0.00503558 0.00416149 0.00290262 0.00145131 0 
0 0 0 0 0 0 0 0 0 0 
0 0 0 0 0 0 0 0 0 0 
0 0.00305403 0.00539532 0.00683315 0.00730431 0.00686592 0.00567506 0.00395883 0.00197961 0 
0 0.00539532 0.00953106 0.0120705 0.0129022 0.0121274 0.0100236 0.00699215 0.00349635 0 
0 0.00683315 0.0120705 0.0152858 0.0163384 0.0153566 0.0126922 0.00885344 0.00442699 0 
0 0.00730431 0.0129022 0.0163384 0.0174626 0.0164126 0.0135646 0.00946176 0.00473108 0 
0 0.00686592 0.0121274 0.0153566 0.0164126 0.0154253 0.0127482 0.0088921 0.00444617 0 
0 0.00567506 0.0100236 0.0126922 0.0135646 0.0127482 0.0105355 0.00734858 0.00367434 0 
0 0.00395883 0.00699215 0.00885344 0.00946176 0.0088921 0.00734858 0.0051256 0.00256281 0 
0 0.00197961 0.00349635 0.00442699 0.00473108 0.00444617 0.00367434 0.00256281 0.00128141 0 
0 0 0 0 0 0 0 0 0 0 
0 0 0 0 0 0 0 0 0 0 
0 0.00269766 0.00476547 0.00603507 0.0064508 0.00606331 0.00501144 0.0034958 0.00174804 0 
0 0.00476547 0.00841798 0.0106603 0.0113942 0.0107094 0.0088513 0.00617422 0.00308731 0 
0 0.00603507 0.0106603 0.0134993 0.0144282 0.0135606 0.0112075 0.00781762 0.003909 0 
0 0.0064508 0.0113942 0.0144282 0.0154204 0.0144927 0.0119776 0.00835459 0.00417744 0 
0 0.00606331 0.0107094 0.0135606 0.0144927 0.0136205 0.0112564 0.00785144 0.00392581 0 
0 0.00501144 0.0088513 0.0112075 0.0119776 0.0112564 0.0093025 0.00648847 0.00324427 0 
0 0.0034958 0.00617422 0.00781762 0.00835459 0.00785144 0.00648847 0.00452564 0.00226283 0 
0 0.00174804 0.00308731 0.003909 0.00417744 0.00392581 0.00324427 0.00226283 0.00113141 0 
0 0 0 0 0 0 0 0 0 0 
0 0 0 0 0 0 0 0 0 0 
0 0.00238273 0.00420894 0.00533 0.00569688 0.00535443 0.00442538 0.00308691 0.00154356 0 
0 0.00420894 0.00743461 0.00941453 0.0100622 0.00945715 0.00781606 0.00545197 0.00272613 0 
0 0.00533 0.00941453 0.0119214 0.0127412 0.0119746 0.00989646 0.00690301 0.00345165 0 
0 0.00569688 0.0100622 0.0127412 0.0136169 0.0127974 0.0105762 0.00737703 0.00368862 0 
0 0.00535443 0.00945715 0.0119746 0.0127974 0.0120269 0.00993927 0.00693264 0.00346638 0 
0 0.00442538 0.00781606 0.00989646 0.0105762 0.00993927 0.00821387 0.00572911 0.00286458 0 
0 0.00308691 0.00545197 0.00690301 0.00737703 0.00693264 0.00572911 0.00399597 0.00199799 0 
0 0.00154356 0.00272613 0.00345165 0.00368862 0.00346638 0.00286458 0.00199799 0.000998995 0 
0 0 0 0 0 0 0 0 0 0 
0 0 0 0 0 0 0 0 0 0 
0 0.00210447 0.00371727 0.00470717 0.00503096 0.00472837 0.00390784 0.00272584 0.00136299 0 
0 0.00371727 0.0065659 0.00831417 0.00888586 0.00835123 0.00690188 0.00481421 0.00240721 0 
0 0.00470717 0.00831417 0.0105277 0.0112513 0.0105741 0.0087388 0.00609542 0.00304781 0 
0 0.00503096 0.00888586 0.0112513 0.0120243 0.0113004 0.00933887 0.00651389 0.00325702 0 
0 0.00472837 0.00835123 0.0105741 0.0113004 0.0106198 0.0087763 0.00612142 0.00306076 0 
0 0.00390784 0.00690188 0.0087388 0.00933887 0.0087763 0.0072527 0.00505867 0.00252935 0 
0 0.00272584 0.00481421 0.00609542 0.00651389 0.00612142 0.00505867 0.00352833 0.00176417 0 
0 0.00136299 0.00240721 0.00304781 0.00325702 0.00306076 0.00252935 0.00176417 0.000882085 0 
0 0 0 0 0 0 0 0 0 0 
0 0 0 0 0 0 0 0 0 0 
0 0.00185864 0.00328293 0.00415701 0.00444281 0.00417547 0.0034508 0.002407 0.00120355 0 
0 0.00328293 0.00579855 0.00734227 0.0078469 0.00737458 0.0060946 0.00425106 0.00212561 0 
0 0.00415701 0.00734227 0.00929677 0.00993552 0.00933732 0.00771655 0.00538233 0.00269124 0 
0 0.00444281 0.0078469 0.00993552 0.010618 0.00997849 0.00824631 0.00575177 0.00287594 0 
0 0.00417547 0.00737458 0.00933732 0.00997849 0.0093774 0.00774946 0.00540516 0.00270261 0 
0 0.0034508 0.0060946 0.00771655 0.00824631 0.00774946 0.00640406 0.00446673 0.00223338 0 
0 0.002407 0.00425106 0.00538233 0.00575177 0.00540516 0.00446673 0.00311545 0.00155773 0 
0 0.00120355 0.00212561 0.00269124 0.00287594 0.00270261 0.00223338 0.00155773 0.000778864 0 
0 0 0 0 0 0 0 0 0 0 
0 0 0 0 0 0 0 0 0 0 
0 0.00164146 0.00289926 0.00367108 0.00392336 0.00368719 0.0030472 0.00212545 0.00106276 0 
0 0.00289926 0.00512076 0.00648388 0.00692934 0.00651211 0.00538173 0.00375378 0.00187695 0 
0 0.00367108 0.00648388 0.0082097 0.00877358 0.00824518 0.00681389 0.00475267 0.00237639 0 
0 0.00392336 0.00692934 0.00877358 0.00937604 0.00881123 0.00728159 0.00507884 0.00253946 0 
0 0.00368719 0.00651211 0.00824518 0.00881123 0.00828035 0.00684279 0.00477274 0.0023864 0 
0 0.0030472 0.00538173 0.00681389 0.00728159 0.00684279 0.00565476 0.00394408 0.00197205 0 
0 0.00212545 0.00375378 0.00475267 0.00507884 0.00477274 0.00394408 0.0027509 0.00137545 0 
0 0.00106276 0.00187695 0.00237639 0.00253946 0.0023864 0.00197205 0.00137545 0.000687727 0 
0 0 0 0 0 0 0 0 0 0 
0 0 0 0 0 0 0 0 0 0 
0 0.00144963 0.00256037 0.0032419 0.00346461 0.00325598 0.00269079 0.00187683 0.000938445 0 
0 0.00256037 0.00452212 0.00572577 0.00611902 0.00575048 0.00475223 0.00331467 0.00165738 0 
0 0.0032419 0.00572577 0.00724967 0.00774748 0.00728077 0.00601681 0.00419668 0.00209838 0 
0 0.00346461 0.00611902 0.00774748 0.00827935 0.00778051 0.00642974 0.00448466 0.00224236 0 
0 0.00325598 0.00575048 0.00728077 0.00778051 0.00731165 0.00604222 0.00421434 0.00210719 0 
0 0.00269079 0.00475223 0.00601681 0.00642974 0.00604222 0.00499315 0.00348261 0.00174131 0 
0 0.00187683 0.00331467 0.00419668 0.00448466 0.00421434 0.00348261 0.00242903 0.00121452 0 
0 0.000938445 0.00165738 0.00209838 0.00224236 0.00210719 0.00174131 0.00121452 0.000607259 0 
0 0 0 0 0 0 0 0 0 0 
0 0 0 0 0 0 0 0 0 0 
0 0.00128018 0.00226105 0.00286286 0.00305946 0.00287518 0.00237606 0.00165729 0.000828668 0 
0 0.00226105 0.00399341 0.00505624 0.00540341 0.0050779 0.00419636 0.00292693 0.00146349 0 
0 0.00286286 0.00505624 0.00640186 0.00684135 0.00642914 0.00531298 0.00370574 0.0018529 0 
0 0.00305946 0.00540341 0.00684135 0.00731093 0.00687037 0.00567756 0.00396 0.00198002 0 
0 0.00287518 0.0050779 0.00642914 0.00687037 0.00645629 0.00533534 0.00372128 0.00186065 0 
0 0.00237606 0.00419636 0.00531298 0.00567756 0.00533534 0.00440897 0.00307515 0.00153758 0 
0 0.00165729 0.00292693 0.00370574 0.00396 0.00372128 0.00307515 0.00214483 0.00107242 0 
0 0.000828668 0.00146349 0.0018529 0.00198002 0.00186065 0.00153758 0.00107242 0.000536209 0 
0 0 0 0 0 0 0 0 0 0 
0 0 0 0 0 0 0 0 0 0 
0 0.00113053 0.0019967 0.0025281 0.00270167 0.00253891 0.00209814 0.00146343 0.000731732 0 
0 0.0019967 0.00352647 0.00446496 0.00477147 0.00448397 0.00370551 0.00258454 0.00129229 0 
0 0.0025281 0.00446496 0.00565315 0.00604118 0.00567712 0.00469148 0.00327223 0.00163614 0 
0 0.00270167 0.00477147 0.00604118 0.00645577 0.00606669 0.00501337 0.00349673 0.00174838 0 
0 0.00253891 0.00448397 0.00567712 0.00606669 0.00570101 0.00471116 0.00328592 0.00164297 0 
0 0.00209814 0.00370551 0.00469148 0.00501337 0.00471116 0.00389316 0.00271537 0.00135769 0 
0 0.00146343 0.00258454 0.00327223 0.00349673 0.00328592 0.00271537 0.0018939 0.000946949 0 
0 0.000731732 0.00129229 0.00163614 0.00174838 0.00164297 0.00135769 0.000946949 0.000473475 0 
0 0 0 0 0 0 0 0 0 0 
0 0 0 0 0 0 0 0 0 0 
0 0.000998349 0.00176323 0.00223247 0.00238571 0.00224196 0.00185272 0.00129225 0.000646136 0 
0 0.00176323 0.00311409 0.0039428 0.00421341 0.0039595 0.00327206 0.00228221 0.00114112 0 
0 0.00223247 0.0039428 0.00499199 0.00533457 0.00501306 0.00414268 0.00288944 0.00144473 0 
0 0.00238571 0.00421341 0.00533457 0.00570063 0.00535702 0.0044269 0.00308766 0.00154384 0 
0 0.00224196 0.0039595 0.00501306 0.00535702 0.00503409 0.00416002 0.0029015 0.00145076 0 
0 0.00185272 0.00327206 0.00414268 0.0044269 0.00416002 0.00343769 0.0023977 0.00119885 0 
0 0.00129225 0.00228221 0.00288944 0.00308766 0.0029015 0.0023977 0.00167232 0.000836162 0 
0 0.000646136 0.00114112 0.00144473 0.00154384 0.00145076 0.00119885 0.000836162 0.000418081 0 
0 0 0 0 0 0 0 0 0 0 
0 0 0 0 0 0 0 0 0 0 
0 0.000881615 0.00155704 0.00197139 0.00210669 0.00197973 0.00163601 0.00114109 0.000570552 0 
0 0.00155704 0.00274992 0.00348168 0.00372061 0.00349636 0.00288932 0.00201524 0.00100763 0 
0 0.00197139 0.00348168 0.00440813 0.00471061 0.00442667 0.00365808 0.00255143 0.00127573 0 
0 0.00210669 0.00372061 0.00471061 0.00503381 0.00473037 0.00390903 0.00272645 0.00136323 0 
0 0.00197973 0.00349636 0.00442667 0.00473037 0.00444519 0.00367336 0.00256207 0.00128104 0 
0 0.00163601 0.00288932 0.00365808 0.00390903 0.00367336 0.00303553 0.00211719 0.0010586 0 
0 0.00114109 0.00201524 0.00255143 0.00272645 0.00256207 0.00211719 0.00147668 0.000738339 0 
0 0.000570552 0.00100763 0.00127573 0.00136323 0.00128104 0.0010586 0.000738339 0.000369169 0 
0 0 0 0 0 0 0 0 0 0 
0 0 0 0 0 0 0 0 0 0 
0 0.000778522 0.00137496 0.00174083 0.00186029 0.00174817 0.00144464 0.00100761 0.00050381 0 
0 0.00137496 0.00242832 0.00307447 0.00328543 0.0030874 0.00255134 0.0017795 0.000889759 0 
0 0.00174083 0.00307447 0.00389254 0.00415961 0.00390886 0.00323017 0.00225296 0.00112649 0 
0 0.00186029 0.00328543 0.00415961 0.00444499 0.00417702 0.00345175 0.0024075 0.00120376 0 
0 0.00174817 0.0030874 0.00390886 0.00417702 0.00392519 0.00324363 0.00226234 0.00113117 0 
0 0.00144464 0.00255134 0.00323017 0.00345175 0.00324363 0.00268041 0.00186951 0.000934755 0 
0 0.00100761 0.0017795 0.00225296 0.0024075 0.00226234 0.00186951 0.00130392 0.000651962 0 
0 0.00050381 0.000889759 0.00112649 0.00120376 0.00113117 0.000934755 0.000651962 0.000325981 0 
0 0 0 0 0 0 0 0 0 0 
0 0 0 0 0 0 0 0 0 0 
0 0.000687479 0.00121416 0.00153723 0.00164271 0.00154369 0.00127566 0.000889743 0.000444876 0 
0 0.00121416 0.00214431 0.00271488 0.00290115 0.00272626 0.0022529 0.00157134 0.000785676 0 
0 0.00153723 0.00271488 0.00343725 0.00367306 0.00345163 0.00285231 0.00198941 0.000994711 0 
0 0.00164271 0.00290115 0.00367306 0.00392504 0.0036884 0.00304796 0.00212587 0.00106294 0 
0 0.00154369 0.00272626 0.00345163 0.0036884 0.00346602 0.00286418 0.00199768 0.000998844 0 
0 0.00127566 0.0022529 0.00285231 0.00304796 0.00286418 0.00236684 0.0016508 0.000825402 0 
0 0.000889743 0.00157134 0.00198941 0.00212587 0.00199768 0.0016508 0.00115138 0.000575691 0 
0 0.000444876 0.000785676 0.000994711 0.00106294 0.000998844 0.000825402 0.000575691 0.000287846 0 
0 0 0 0 0 0 0 0 0 0 
0 0 0 0 0 0 0 0 0 0 
0 0.000607078 0.00107216 0.00135744 0.00145057 0.00136312 0.00112644 0.000785664 0.000392835 0 
0 0.00107216 0.00189352 0.00239734 0.00256181 0.00240736 0.00198936 0.00138753 0.000693768 0 
0 0.00135744 0.00239734 0.0030352 0.00324342 0.00304787 0.00251865 0.00175669 0.000878349 0 
0 0.00145057 0.00256181 0.00324342 0.00346591 0.00325694 0.00269141 0.00187718 0.000938593 0 
0 0.00136312 0.00240736 0.00304787 0.00325694 0.00306056 0.00252912 0.00176399 0.000881996 0 
0 0.00112644 0.00198936 0.00251865 0.00269141 0.00252912 0.00208996 0.00145768 0.000728842 0 
0 0.000785664 0.00138753 0.00175669 0.00187718 0.00176399 0.00145768 0.00101669 0.000508344 0 
0 0.000392835 0.000693768 0.000878349 0.000938593 0.000881996 0.000728842 0.000508344 0.000254172 0 
0 0 0 0 0 0 0 0 0 0 
0 0 0 0 0 0 0 0 0 0 
0 0.000536078 0.000946758 0.00119867 0.0012809 0.00120368 0.000994676 0.00069376 0.000346882 0 
0 0.000946758 0.00167205 0.00211693 0.00226215 0.00212577 0.00175666 0.00122522 0.000612612 0 
0 0.00119867 0.00211693 0.00268017 0.00286403 0.00269135 0.00222403 0.00155119 0.0007756 0 
0 0.0012809 0.00226215 0.00286403 0.00306048 0.00287595 0.00237657 0.00165759 0.000828795 0 
0 0.00120368 0.00212577 0.00269135 0.00287595 0.00270254 0.00223326 0.00155763 0.000778818 0 
0 0.000994676 0.00175666 0.00222403 0.00237657 0.00223326 0.00184547 0.00128716 0.00064358 0 
0 0.00069376 0.00122522 0.00155119 0.00165759 0.00155763 0.00128716 0.000897751 0.000448876 0 
0 0.000346882 0.000612612 0.0007756 0.000828795 0.000778818 0.00064358 0.000448876 0.000224438 0 
0 0 0 0 0 0 0 0 0 0 
0 0 0 0 0 0 0 0 0 0 
0 0.000473379 0.000836023 0.00105846 0.00113107 0.00106288 0.000878323 0.000612606 0.000306305 0 
0 0.000836023 0.00147648 0.00186932 0.00199755 0.00187711 0.00155117 0.00108189 0.00054095 0 
0 0.00105846 0.00186932 0.00236667 0.00252901 0.00237652 0.00196386 0.00136974 0.00068487 0 
0 0.00113107 0.00199755 0.00252901 0.00270248 0.00253953 0.00209856 0.00146368 0.000731842 0 
0 0.00106288 0.00187711 0.00237652 0.00253953 0.0023864 0.00197202 0.00137542 0.00068771 0 
0 0.000878323 0.00155117 0.00196386 0.00209856 0.00197202 0.00162959 0.00113658 0.000568293 0 
0 0.000612606 0.00108189 0.00136974 0.00146368 0.00137542 0.00113658 0.00079273 0.000396365 0 
0 0.000306305 0.00054095 0.00068487 0.000731842 0.00068771 0.000568293 0.000396365 0.000198183 0 
0 0 0 0 0 0 0 0 0 0 
0 0 0 0 0 0 0 0 0 0 
0 0.000418011 0.000738238 0.000934657 0.00099877 0.00093855 0.000775581 0.000540945 0.000270474 0 
0 0.000738238 0.00130378 0.00165066 0.00176389 0.00165753 0.00136972 0.000955337 0.00047767 0 
0 0.000934657 0.00165066 0.00208984 0.00223318 0.00209853 0.00173414 0.00120951 0.000604755 0 
0 0.00099877 0.00176389 0.00223318 0.00238636 0.00224246 0.00185307 0.00129246 0.000646231 0 
0 0.00093855 0.00165753 0.00209853 0.00224246 0.00210724 0.00174133 0.00121452 0.000607261 0 
0 0.000775581 0.00136972 0.00173414 0.00185307 0.00174133 0.00143896 0.00100363 0.000501813 0 
0 0.000540945 0.000955337 0.00120951 0.00129246 0.00121452 0.00100363 0.000699995 0.000349998 0 
0 0.000270474 0.00047767 0.000604755 0.000646231 0.000607261 0.000501813 0.000349998 0.000174999 0 
0 0 0 0 0 0 0 0 0 0 
0 0 0 0 0 0 0 0 0 0 
0 0.000369119 0.000651888 0.00082533 0.000881942 0.000828764 0.000684857 0.000477667 0.000238834 0 
0 0.000651888 0.00115128 0.00145758 0.00155756 0.00146364 0.00120949 0.000843584 0.000421793 0 
0 0.00082533 0.00145758 0.00184538 0.00197196 0.00185305 0.00153128 0.00106802 0.000534011 0 
0 0.000881942 0.00155756 0.00197196 0.00210721 0.00198014 0.0016363 0.00114127 0.000570635 0 
0 0.000828764 0.00146364 0.00185305 0.00198014 0.00186074 0.00153763 0.00107245 0.000536223 0 
0 0.000684857 0.00120949 0.00153128 0.0016363 0.00153763 0.00127063 0.00088622 0.00044311 0 
0 0.000477667 0.000843584 0.00106802 0.00114127 0.00107245 0.00088622 0.000618109 0.000309055 0 
0 0.000238834 0.000421793 0.000534011 0.000570635 0.000536223 0.00044311 0.000309055 0.000154527 0 
0 0 0 0 0 0 0 0 0 0 
0 0 0 0 0 0 0 0 0 0 
0 0.000325944 0.000575637 0.000728791 0.000778779 0.000731819 0.000604745 0.000421791 0.000210896 0 
0 0.000575637 0.00101661 0.00128709 0.00137537 0.00129243 0.00106801 0.000744903 0.000372453 0 
0 0.000728791 0.00128709 0.00162952 0.00174129 0.00163628 0.00135215 0.000943084 0.000471543 0 
0 0.000778779 0.00137537 0.00174129 0.00186071 0.00174851 0.00144489 0.00100776 0.000503883 0 
0 0.000731819 0.00129243 0.00163628 0.00174851 0.00164307 0.00135776 0.000946991 0.000473496 0 
0 0.000604745 0.00106801 0.00135215 0.00144489 0.00135776 0.00112199 0.00078255 0.000391275 0 
