0 0 0 0 0 0 0 0 0 0 
0 0.116978 0.219846 0.296198 0.336824 0.336824 0.296198 0.219846 0.116978 0 
0 0.219846 0.413176 0.55667 0.633022 0.633022 0.55667 0.413176 0.219846 0 
0 0.296198 0.55667 0.75 0.852869 0.852869 0.75 0.55667 0.296198 0 
0 0.336824 0.633022 0.852869 0.969846 0.969846 0.852869 0.633022 0.336824 0 
0 0.336824 0.633022 0.852869 0.969846 0.969846 0.852869 0.633022 0.336824 0 
0 0.296198 0.55667 0.75 0.852869 0.852869 0.75 0.55667 0.296198 0 
0 0.219846 0.413176 0.55667 0.633022 0.633022 0.55667 0.413176 0.219846 0 
0 0.116978 0.219846 0.296198 0.336824 0.336824 0.296198 0.219846 0.116978 0 
0 0 0 0 0 0 0 0 0 0 
0 0 0 0 0 0 0 0 0 0 
0 0.109923 0.204824 0.27458 0.311107 0.310082 0.27165 0.200451 0.105074 0 
0 0.204824 0.380747 0.509587 0.576646 0.574067 0.502223 0.369798 0.192768 0 
0 0.27458 0.509587 0.681228 0.770147 0.766015 0.669444 0.492116 0.255427 0 
0 0.311107 0.576646 0.770147 0.869997 0.864682 0.755004 0.554242 0.286623 0 
0 0.310082 0.574067 0.766015 0.864682 0.858775 0.7492 0.549234 0.283014 0 
0 0.27165 0.502223 0.669444 0.755004 0.7492 0.652935 0.477886 0.245187 0 
0 0.200451 0.369798 0.492116 0.554242 0.549234 0.477886 0.348866 0.177758 0 
0 0.105074 0.192768 0.255427 0.286623 0.283014 0.245187 0.177758 0.0888788 0 
0 0 0 0 0 0 0 0 0 0 
0 0 0 0 0 0 0 0 0 0 
0 0.102412 0.189435 0.252532 0.284815 0.282633 0.246327 0.1803 0.0932668 0 
0 0.189435 0.349511 0.464979 0.523502 0.518593 0.45104 0.329056 0.169437 0 
0 0.252532 0.464979 0.617563 0.694269 0.686747 0.596227 0.433738 0.22245 0 
0 0.284815 0.523502 0.694269 0.779475 0.77 0.667417 0.484253 0.247429 0 
0 0.282633 0.518593 0.686747 0.77 0.7596 0.657297 0.475612 0.242057 0 
0 0.246327 0.45104 0.596227 0.667417 0.657297 0.567591 0.409314 0.207282 0 
0 0.1803 0.329056 0.433738 0.484253 0.475612 0.409314 0.293536 0.147424 0 
0 0.0932668 0.169437 0.22245 0.247429 0.242057 0.207282 0.147424 0.0737121 0 
0 0 0 0 0 0 0 0 0 0 
0 0 0 0 0 0 0 0 0 0 
0 0.0947174 0.17419 0.230996 0.259283 0.256051 0.221848 0.161043 0.08262 0 
0 0.17419 0.319585 0.422912 0.473764 0.466901 0.403508 0.291931 0.14925 0 
0 0.230996 0.422912 0.55859 0.624644 0.614443 0.529776 0.382103 0.194695 0 
0 0.259283 0.473764 0.624644 0.697322 0.684696 0.589006 0.423537 0.215072 0 
0 0.256051 0.466901 0.614443 0.684696 0.670996 0.575801 0.412677 0.208758 0 
0 0.221848 0.403508 0.529776 0.589006 0.575801 0.492558 0.351513 0.176924 0 
0 0.161043 0.291931 0.382103 0.423537 0.412677 0.351513 0.249469 0.125026 0 
0 0.08262 0.14925 0.194695 0.215072 0.208758 0.176924 0.125026 0.0625131 0 
0 0 0 0 0 0 0 0 0 0 
0 0 0 0 0 0 0 0 0 0 
0 0.0870951 0.159419 0.210403 0.235055 0.230951 0.198875 0.143357 0.0731517 0 
0 0.159419 0.291165 0.383481 0.42752 0.419105 0.359922 0.258658 0.131626 0 
0 0.210403 0.383481 0.504063 0.560837 0.548604 0.469908 0.3367 0.17085 0 
0 0.235055 0.42752 0.560837 0.622766 0.607843 0.519273 0.370931 0.187635 0 
0 0.230951 0.419105 0.548604 0.607843 0.591822 0.504082 0.358821 0.180845 0 
0 0.198875 0.359922 0.469908 0.519273 0.504082 0.427798 0.303253 0.152281 0 
0 0.143357 0.258658 0.3367 0.370931 0.358821 0.303253 0.21414 0.107233 0 
0 0.0731517 0.131626 0.17085 0.187635 0.180845 0.152281 0.107233 0.0536167 0 
0 0 0 0 0 0 0 0 0 0 
0 0 0 0 0 0 0 0 0 0 
0 0.0797095 0.14532 0.190964 0.212359 0.207585 0.177716 0.127381 0.0647519 0 
0 0.14532 0.2644 0.346737 0.384759 0.375218 0.320375 0.229021 0.116156 0 
0 0.190964 0.346737 0.453787 0.502479 0.488862 0.416302 0.296776 0.150141 0 
0 0.212359 0.384759 0.502479 0.555161 0.538779 0.457524 0.325189 0.164044 0 
0 0.207585 0.375218 0.488862 0.538779 0.521431 0.441393 0.31267 0.157249 0 
0 0.177716 0.320375 0.416302 0.457524 0.441393 0.372323 0.262853 0.131834 0 
0 0.127381 0.229021 0.296776 0.325189 0.31267 0.262853 0.185043 0.0926235 0 
0 0.0647519 0.116156 0.150141 0.164044 0.157249 0.131834 0.0926235 0.0463118 0 
0 0 0 0 0 0 0 0 0 0 
0 0 0 0 0 0 0 0 0 0 
0 0.0726598 0.132006 0.172775 0.19128 0.186053 0.158452 0.113056 0.0573029 0 
0 0.132006 0.239371 0.312673 0.345412 0.335176 0.284738 0.202681 0.102531 0 
0 0.172775 0.312673 0.407576 0.449253 0.434878 0.368479 0.261623 0.132049 0 
0 0.19128 0.345412 0.449253 0.494016 0.476962 0.403006 0.285336 0.143658 0 
0 0.186053 0.335176 0.434878 0.476962 0.459178 0.386794 0.273058 0.137138 0 
0 0.158452 0.284738 0.368479 0.403006 0.386794 0.324824 0.22869 0.114613 0 
0 0.113056 0.202681 0.261623 0.285336 0.273058 0.22869 0.160657 0.0803953 0 
0 0.0573029 0.102531 0.132049 0.143658 0.137138 0.114613 0.0803953 0.0401976 0 
0 0 0 0 0 0 0 0 0 0 
0 0 0 0 0 0 0 0 0 0 
0 0.066003 0.119537 0.155873 0.171835 0.166366 0.14104 0.100256 0.0506969 0 
0 0.119537 0.216105 0.281242 0.309376 0.298839 0.25276 0.179292 0.0905097 0 
0 0.155873 0.281242 0.365247 0.400879 0.38629 0.325919 0.230649 0.116204 0 
0 0.171835 0.309376 0.400879 0.438921 0.421849 0.354974 0.250585 0.125982 0 
0 0.166366 0.298839 0.38629 0.421849 0.404321 0.339294 0.238927 0.11988 0 
0 0.14104 0.25276 0.325919 0.354974 0.339294 0.283992 0.199547 0.0999556 0 
0 0.100256 0.179292 0.230649 0.250585 0.238927 0.199547 0.139971 0.0700311 0 
0 0.0506969 0.0905097 0.116204 0.125982 0.11988 0.0999556 0.0700311 0.0350156 0 
0 0 0 0 0 0 0 0 0 0 
0 0 0 0 0 0 0 0 0 0 
0 0.0597687 0.107937 0.140253 0.153999 0.148469 0.125371 0.0888402 0.0448375 0 
0 0.107937 0.194589 0.252366 0.276521 0.26601 0.224148 0.158537 0.0798947 0 
0 0.140253 0.252366 0.326623 0.357089 0.342717 0.288122 0.203362 0.10231 0 
0 0.153999 0.276521 0.357089 0.389469 0.37287 0.312718 0.220247 0.110609 0 
0 0.148469 0.26601 0.342717 0.37287 0.356082 0.29793 0.209401 0.104991 0 
0 0.125371 0.224148 0.288122 0.312718 0.29793 0.248738 0.174517 0.0873848 0 
0 0.0888402 0.158537 0.203362 0.220247 0.209401 0.174517 0.122274 0.0611685 0 
0 0.0448375 0.0798947 0.10231 0.110609 0.104991 0.0873848 0.0611685 0.0305843 0 
0 0 0 0 0 0 0 0 0 0 
0 0 0 0 0 0 0 0 0 0 
0 0.0539683 0.0972027 0.125892 0.137721 0.132275 0.111316 0.0786726 0.0396418 0 
0 0.0972027 0.174785 0.225955 0.246694 0.236459 0.198608 0.140134 0.0705215 0 
0 0.125892 0.225955 0.291522 0.3176 0.303763 0.254613 0.179326 0.0901142 0 
0 0.137721 0.246694 0.3176 0.345235 0.32945 0.27556 0.193724 0.0972074 0 
0 0.132275 0.236459 0.303763 0.32945 0.31369 0.261847 0.18377 0.0920905 0 
0 0.111316 0.198608 0.254613 0.27556 0.261847 0.218182 0.152903 0.0765404 0 
0 0.0786726 0.140134 0.179326 0.193724 0.18377 0.152903 0.107036 0.0535401 0 
0 0.0396418 0.0705215 0.0901142 0.0972074 0.0920905 0.0765404 0.0535401 0.02677 0 
0 0 0 0 0 0 0 0 0 0 
0 0 0 0 0 0 0 0 0 0 
0 0.0486013 0.0873195 0.112749 0.122929 0.117676 0.0987392 0.0696289 0.0350376 0 
0 0.0873195 0.156637 0.2019 0.219722 0.209942 0.175857 0.123833 0.0622463 0 
0 0.112749 0.2019 0.25975 0.282118 0.269031 0.224943 0.158154 0.0794019 0 
0 0.122929 0.219722 0.282118 0.305784 0.291016 0.242883 0.170503 0.0854989 0 
0 0.117676 0.209942 0.269031 0.291016 0.276432 0.230316 0.161453 0.0808731 0 
0 0.0987392 0.175857 0.224943 0.242883 0.230316 0.19161 0.13416 0.0671432 0 
0 0.0696289 0.123833 0.158154 0.170503 0.161453 0.13416 0.0938499 0.0469408 0 
0 0.0350376 0.0622463 0.0794019 0.0854989 0.0808731 0.0671432 0.0469408 0.0234704 0 
0 0 0 0 0 0 0 0 0 0 
0 0 0 0 0 0 0 0 0 0 
0 0.0436597 0.0782614 0.100773 0.109543 0.104556 0.0875105 0.0615954 0.0309604 0 
0 0.0782614 0.140081 0.180082 0.195421 0.186216 0.155626 0.109405 0.0549419 0 
0 0.100773 0.180082 0.2311 0.250334 0.238127 0.198697 0.139502 0.0699857 0 
0 0.109543 0.195421 0.250334 0.270675 0.257029 0.214137 0.150148 0.0752516 0 
0 0.104556 0.186216 0.238127 0.257029 0.243673 0.202718 0.141975 0.0710924 0 
0 0.0875105 0.155626 0.198697 0.214137 0.202718 0.168439 0.117852 0.0589712 0 
0 0.0615954 0.109405 0.139502 0.150148 0.141975 0.117852 0.0823962 0.0412095 0 
0 0.0309604 0.0549419 0.0699857 0.0752516 0.0710924 0.0589712 0.0412095 0.0206047 0 
0 0 0 0 0 0 0 0 0 0 
0 0 0 0 0 0 0 0 0 0 
0 0.0391307 0.0699961 0.0899051 0.0974706 0.0927993 0.0775051 0.0544677 0.0273524 0 
0 0.0699961 0.125039 0.160366 0.173597 0.165037 0.137661 0.0966432 0.0484953 0 
0 0.0899051 0.160366 0.20535 0.221937 0.210675 0.175494 0.123068 0.0617036 0 
0 0.0974706 0.173597 0.221937 0.239483 0.226992 0.188838 0.132283 0.0662697 0 
0 0.0927993 0.165037 0.210675 0.226992 0.214855 0.178527 0.124938 0.0625448 0 
0 0.0775051 0.137661 0.175494 0.188838 0.178527 0.148189 0.103624 0.0518445 0 
0 0.0544677 0.0966432 0.123068 0.132283 0.124938 0.103624 0.0724166 0.0362165 0 
0 0.0273524 0.0484953 0.0617036 0.0662697 0.0625448 0.0518445 0.0362165 0.0181082 0 
0 0 0 0 0 0 0 0 0 0 
0 0 0 0 0 0 0 0 0 0 
0 0.0349981 0.0624855 0.0800805 0.0866191 0.0822904 0.0686048 0.0481501 0.0241614 0 
0 0.0624855 0.111426 0.142613 0.154052 0.14617 0.121728 0.0853602 0.0428063 0 
0 0.0800805 0.142613 0.182275 0.196621 0.186319 0.154988 0.108584 0.0544149 0 
0 0.0866191 0.154052 0.196621 0.211807 0.200455 0.166563 0.116589 0.0583871 0 
0 0.0822904 0.14617 0.186319 0.200455 0.189491 0.157295 0.110013 0.0550612 0 
0 0.0686048 0.121728 0.154988 0.166563 0.157295 0.13046 0.0911834 0.0456153 0 
0 0.0481501 0.0853602 0.108584 0.116589 0.110013 0.0911834 0.0636999 0.0318559 0 
0 0.0241614 0.0428063 0.0544149 0.0583871 0.0550612 0.0456153 0.0318559 0.0159279 0 
0 0 0 0 0 0 0 0 0 0 
0 0 0 0 0 0 0 0 0 0 
0 0.0312427 0.0556873 0.0712299 0.076893 0.0729169 0.0606987 0.0425551 0.0213403 0 
0 0.0556873 0.0991503 0.126677 0.13659 0.129389 0.107609 0.0753885 0.0377859 0 
0 0.0712299 0.126677 0.161649 0.174091 0.164731 0.136872 0.0958159 0.0479973 0 
0 0.076893 0.13659 0.174091 0.187273 0.177014 0.146942 0.10279 0.051462 0 
0 0.0729169 0.129389 0.164731 0.177014 0.167155 0.138642 0.0969192 0.0484991 0 
0 0.0606987 0.107609 0.136872 0.146942 0.138642 0.114913 0.0802868 0.0401605 0 
0 0.0425551 0.0753885 0.0958159 0.10279 0.0969192 0.0802868 0.0560714 0.0280399 0 
0 0.0213403 0.0377859 0.0479973 0.051462 0.0484991 0.0401605 0.0280399 0.01402 0 
0 0 0 0 0 0 0 0 0 0 
0 0 0 0 0 0 0 0 0 0 
0 0.0278436 0.0495559 0.0632814 0.0681971 0.0645711 0.0536838 0.0376032 0.0188473 0 
0 0.0495559 0.0881164 0.112409 0.121022 0.114483 0.0951067 0.0665779 0.0333556 0 
0 0.0632814 0.112409 0.14325 0.154069 0.145609 0.120869 0.0845584 0.042344 0 
0 0.0681971 0.121022 0.154069 0.165542 0.156312 0.129653 0.0906482 0.0453728 0 
0 0.0645711 0.114483 0.145609 0.156312 0.147477 0.122241 0.0854187 0.042738 0 
0 0.0536838 0.0951067 0.120869 0.129653 0.122241 0.101264 0.0707286 0.0353766 0 
0 0.0376032 0.0665779 0.0845584 0.0906482 0.0854187 0.0707286 0.0493843 0.0246952 0 
0 0.0188473 0.0333556 0.042344 0.0453728 0.042738 0.0353766 0.0246952 0.0123476 0 
0 0 0 0 0 0 0 0 0 0 
0 0 0 0 0 0 0 0 0 0 
0 0.024778 0.0440439 0.0561626 0.0604388 0.0571514 0.0474653 0.0332226 0.0166446 0 
0 0.0440439 0.0782266 0.0996652 0.107164 0.101258 0.0840425 0.0587948 0.0294458 0 
0 0.0561626 0.0996652 0.126867 0.136296 0.128684 0.106734 0.0746303 0.0373623 0 
0 0.0604388 0.107164 0.136296 0.146304 0.138029 0.114413 0.0799588 0.0400148 0 
0 0.0571514 0.101258 0.128684 0.138029 0.130135 0.107808 0.0753083 0.0376749 0 
0 0.0474653 0.0840425 0.106734 0.114413 0.107808 0.0892681 0.0623343 0.0311761 0 
0 0.0332226 0.0587948 0.0746303 0.0799588 0.0753083 0.0623343 0.0435148 0.0217596 0 
0 0.0166446 0.0294458 0.0373623 0.0400148 0.0376749 0.0311761 0.0217596 0.0108798 0 
0 0 0 0 0 0 0 0 0 0 
0 0 0 0 0 0 0 0 0 0 
0 0.022022 0.0391028 0.0498017 0.0535293 0.0505631 0.0419571 0.0293491 0.0146987 0 
0 0.0391028 0.069384 0.0883042 0.0948467 0.089534 0.074255 0.0519201 0.0259953 0 
0 0.0498017 0.0883042 0.1123 0.120533 0.113708 0.0942516 0.0658732 0.0329708 0 
0 0.0535293 0.0948467 0.120533 0.129281 0.121884 0.100976 0.0705429 0.0352972 0 
0 0.0505631 0.089534 0.113708 0.121884 0.114846 0.0950995 0.0664129 0.0332215 0 
0 0.0419571 0.074255 0.0942516 0.100976 0.0950995 0.0787169 0.0549552 0.0274841 0 
0 0.0293491 0.0519201 0.0658732 0.0705429 0.0664129 0.0549552 0.0383574 0.0191803 0 
0 0.0146987 0.0259953 0.0329708 0.0352972 0.0332215 0.0274841 0.0191803 0.00959016 0 
0 0 0 0 0 0 0 0 0 0 
0 0 0 0 0 0 0 0 0 0 
0 0.0195514 0.0346843 0.0441294 0.0473848 0.044719 0.0370808 0.0259249 0.01298 0 
0 0.0346843 0.0614942 0.0781926 0.0839112 0.0791483 0.0656002 0.0458484 0.0229498 0 
0 0.0441294 0.0781926 0.099363 0.106566 0.100463 0.0832279 0.0581475 0.0290986 0 
0 0.0473848 0.0839112 0.106566 0.114225 0.107627 0.0891244 0.0622455 0.0311414 0 
0 0.044719 0.0791483 0.100463 0.107627 0.101363 0.0839044 0.0585817 0.0293018 0 
0 0.0370808 0.0656002 0.0832279 0.0891244 0.0839044 0.0694298 0.0484632 0.0242363 0 
0 0.0259249 0.0458484 0.0581475 0.0622455 0.0585817 0.0484632 0.0338218 0.0169121 0 
0 0.01298 0.0229498 0.0290986 0.0311414 0.0293018 0.0242363 0.0169121 0.00845603 0 
0 0 0 0 0 0 0 0 0 0 
0 0 0 0 0 0 0 0 0 0 
0 0.0173421 0.0307415 0.0390797 0.0419275 0.0395391 0.032766 0.0228986 0.0114621 0 
0 0.0307415 0.054467 0.0692052 0.0742117 0.0699534 0.0579489 0.0404862 0.0202617 0 
0 0.0390797 0.0692052 0.0878856 0.0941962 0.0887512 0.073493 0.0513308 0.0256835 0 
0 0.0419275 0.0742117 0.0941962 0.100912 0.0950377 0.0786702 0.054931 0.0274791 0 
0 0.0395391 0.0699534 0.0887512 0.0950377 0.0894711 0.0740382 0.0516836 0.0258497 0 
0 0.032766 0.0579489 0.073493 0.0786702 0.0740382 0.0612507 0.0427481 0.0213775 0 
0 0.0228986 0.0404862 0.0513308 0.054931 0.0516836 0.0427481 0.0298301 0.0149159 0 
0 0.0114621 0.0202617 0.0256835 0.0274791 0.0258497 0.0213775 0.0149159 0.00745795 0 
0 0 0 0 0 0 0 0 0 0 
0 0 0 0 0 0 0 0 0 0 
0 0.0153707 0.0272294 0.0345905 0.0370853 0.0349512 0.0289497 0.0202245 0.0101216 0 
0 0.0272294 0.0482173 0.0612263 0.0656153 0.0618167 0.0511864 0.0357509 0.017889 0 
0 0.0345905 0.0612263 0.0777112 0.0832474 0.0783987 0.0648965 0.0453155 0.0226709 0 
0 0.0370853 0.0656153 0.0832474 0.0891425 0.0839206 0.0694466 0.0484812 0.0242504 0 
0 0.0349512 0.0618167 0.0783987 0.0839206 0.0789794 0.0653401 0.0456048 0.0228082 0 
0 0.0289497 0.0511864 0.0648965 0.0694466 0.0653401 0.0540441 0.0377141 0.0188595 0 
0 0.0202245 0.0357509 0.0453155 0.0484812 0.0456048 0.0377141 0.026315 0.0131581 0 
0 0.0101216 0.017889 0.0226709 0.0242504 0.0228082 0.0188595 0.0131581 0.00657906 0 
0 0 0 0 0 0 0 0 0 0 
0 0 0 0 0 0 0 0 0 0 
0 0.0136147 0.0241056 0.0306043 0.0327927 0.0308898 0.0255752 0.0178619 0.00893772 0 
0 0.0241056 0.0426659 0.0541492 0.0580015 0.0546191 0.0452104 0.0315692 0.0157944 0 
0 0.0306043 0.0541492 0.0686983 0.0735603 0.0692491 0.0573054 0.0400067 0.0200129 0 
0 0.0327927 0.0580015 0.0735603 0.0787404 0.0741039 0.0613076 0.0427924 0.0214034 0 
0 0.0308898 0.0546191 0.0692491 0.0741039 0.069722 0.0576696 0.0402461 0.0201272 0 
0 0.0255752 0.0452104 0.0573054 0.0613076 0.0576696 0.0476919 0.0332781 0.0166409 0 
0 0.0178619 0.0315692 0.0400067 0.0427924 0.0402461 0.0332781 0.0232181 0.0116095 0 
0 0.00893772 0.0157944 0.0200129 0.0214034 0.0201272 0.0166409 0.0116095 0.00580476 0 
0 0 0 0 0 0 0 0 0 0 
0 0 0 0 0 0 0 0 0 0 
0 0.0120528 0.0213308 0.0270682 0.0289899 0.027296 0.0225921 0.0157747 0.0078923 0 
0 0.0213308 0.03774 0.047877 0.0512615 0.0482543 0.0399302 0.0278765 0.0139454 0 
0 0.0270682 0.047877 0.0607186 0.0649924 0.061164 0.0506021 0.035321 0.0176674 0 
0 0.0289899 0.0512615 0.0649924 0.0695482 0.0654354 0.0541249 0.0377738 0.0188921 0 
0 0.027296 0.0482543 0.061164 0.0654354 0.0615525 0.0509038 0.0355208 0.0177634 0 
0 0.0225921 0.0399302 0.0506021 0.0541249 0.0509038 0.042091 0.0293677 0.0146852 0 
0 0.0157747 0.0278765 0.035321 0.0377738 0.0355208 0.0293677 0.0204886 0.0102446 0 
0 0.0078923 0.0139454 0.0176674 0.0188921 0.0177634 0.0146852 0.0102446 0.00512231 0 
0 0 0 0 0 0 0 0 0 0 
0 0 0 0 0 0 0 0 0 0 
0 0.0106654 0.0188684 0.0239338 0.0256228 0.0241173 0.0199556 0.0139311 0.00696913 0 
0 0.0188684 0.0333727 0.0423217 0.0452978 0.0426273 0.0352654 0.0246157 0.0123131 0 
0 0.0239338 0.0423217 0.053657 0.0574167 0.0540204 0.0446829 0.031185 0.0155975 0 
0 0.0256228 0.0452978 0.0574167 0.0614261 0.057781 0.0477854 0.0333458 0.0166767 0 
0 0.0241173 0.0426273 0.0540204 0.057781 0.0543424 0.0449349 0.031353 0.0156787 0 
0 0.0199556 0.0352654 0.0446829 0.0477854 0.0449349 0.0371513 0.0259195 0.0129607 0 
0 0.0139311 0.0246157 0.031185 0.0333458 0.031353 0.0259195 0.0180821 0.00904127 0 
0 0.00696913 0.0123131 0.0155975 0.0166767 0.0156787 0.0129607 0.00904127 0.00452064 0 
0 0 0 0 0 0 0 0 0 0 
0 0 0 0 0 0 0 0 0 0 
0 0.00943419 0.0166852 0.0211574 0.0226431 0.0213065 0.0176257 0.0123027 0.00615393 0 
0 0.0166852 0.0295034 0.0374039 0.0400228 0.0376538 0.0311445 0.0217363 0.0108719 0 
0 0.0211574 0.0374039 0.0474103 0.0507199 0.0477094 0.0394561 0.0275339 0.0137706 0 
0 0.0226431 0.0400228 0.0507199 0.0542504 0.0510219 0.0421897 0.0294383 0.0147219 0 
0 0.0213065 0.0376538 0.0477094 0.0510219 0.0479784 0.0396681 0.0276761 0.0138397 0 
0 0.0176257 0.0311445 0.0394561 0.0421897 0.0396681 0.0327938 0.0228782 0.0114398 0 
0 0.0123027 0.0217363 0.0275339 0.0294383 0.0276761 0.0228782 0.0159597 0.00798004 0 
0 0.00615393 0.0108719 0.0137706 0.0147219 0.0138397 0.0114398 0.00798004 0.00399002 0 
0 0 0 0 0 0 0 0 0 0 
0 0 0 0 0 0 0 0 0 0 
0 0.00834258 0.0147509 0.0186995 0.0200072 0.0188217 0.0155672 0.0108644 0.00543408 0 
0 0.0147509 0.0260774 0.0330525 0.0353583 0.0332585 0.0275045 0.0191937 0.0095996 0 
0 0.0186995 0.0330525 0.0418862 0.0448011 0.0421344 0.0348406 0.0243108 0.0121581 0 
0 0.0200072 0.0353583 0.0448011 0.0479115 0.0450535 0.0372501 0.0259898 0.0129969 0 
0 0.0188217 0.0332585 0.0421344 0.0450535 0.0423608 0.0350202 0.024432 0.0122172 0 
0 0.0155672 0.0275045 0.0348406 0.0372501 0.0350202 0.0289492 0.0201952 0.0100981 0 
0 0.0108644 0.0191937 0.0243108 0.0259898 0.024432 0.0201952 0.0140876 0.00704393 0 
0 0.00543408 0.0095996 0.0121581 0.0129969 0.0122172 0.0100981 0.00704393 0.00352196 0 
0 0 0 0 0 0 0 0 0 0 
0 0 0 0 0 0 0 0 0 0 
0 0.00737543 0.0130381 0.0165244 0.0176761 0.0166255 0.0137486 0.00959409 0.00479842 0 
0 0.0130381 0.0230453 0.0292036 0.0312348 0.0293748 0.0242894 0.0169485 0.00847625 0 
0 0.0165244 0.0292036 0.0370023 0.0395708 0.0372099 0.0307651 0.0214653 0.0107346 0 
0 0.0176761 0.0312348 0.0395708 0.0423121 0.0397832 0.0328896 0.0229459 0.0114744 0 
0 0.0166255 0.0293748 0.0372099 0.0397832 0.0374017 0.0309181 0.0215691 0.0107854 0 
0 0.0137486 0.0242894 0.0307651 0.0328896 0.0309181 0.0255566 0.0178279 0.0089143 0 
0 0.00959409 0.0169485 0.0214653 0.0229459 0.0215691 0.0178279 0.0124359 0.00621804 0 
0 0.00479842 0.00847625 0.0107346 0.0114744 0.0107854 0.0089143 0.00621804 0.00310902 0 
0 0 0 0 0 0 0 0 0 0 
0 0 0 0 0 0 0 0 0 0 
0 0.00651904 0.0115222 0.0146005 0.0156152 0.0146846 0.012142 0.00847224 0.00423712 0 
0 0.0115222 0.0203629 0.0258001 0.0275902 0.0259435 0.0214498 0.0149659 0.00748441 0 
0 0.0146005 0.0258001 0.0326854 0.0349494 0.0328603 0.0271663 0.0189532 0.009478 0 
0 0.0156152 0.0275902 0.0349494 0.0373663 0.0351295 0.0290399 0.0202592 0.0101306 0 
0 0.0146846 0.0259435 0.0328603 0.0351295 0.0330238 0.0272974 0.0190424 0.00952185 0 
0 0.012142 0.0214498 0.0271663 0.0290399 0.0272974 0.0225626 0.0157388 0.00786967 0 
0 0.00847224 0.0149659 0.0189532 0.0202592 0.0190424 0.0157388 0.0109784 0.00548928 0 
0 0.00423712 0.00748441 0.009478 0.0101306 0.00952185 0.00786967 0.00548928 0.00274464 0 
0 0 0 0 0 0 0 0 0 0 
0 0 0 0 0 0 0 0 0 0 
0 0.00576109 0.0101811 0.0128991 0.0137935 0.0129698 0.0107229 0.00748149 0.00374148 0 
0 0.0101811 0.0179906 0.0227913 0.0243695 0.0229123 0.0189419 0.0132152 0.00660868 0 
0 0.0128991 0.0227913 0.0288704 0.0308666 0.0290187 0.0239884 0.0167352 0.00836863 0 
0 0.0137935 0.0243695 0.0308666 0.0329981 0.0310201 0.0256413 0.0178874 0.00894447 0 
0 0.0129698 0.0229123 0.0290187 0.0310201 0.0291587 0.0241013 0.0168123 0.00840662 0 
0 0.0107229 0.0189419 0.0239884 0.0256413 0.0241013 0.01992 0.0138951 0.00694775 0 
0 0.00748149 0.0132152 0.0167352 0.0178874 0.0168123 0.0138951 0.0096922 0.00484615 0 
0 0.00374148 0.00660868 0.00836863 0.00894447 0.00840662 0.00694775 0.00484615 0.00242307 0 
0 0 0 0 0 0 0 0 0 0 
0 0 0 0 0 0 0 0 0 0 
0 0.00509056 0.00899507 0.011395 0.0121835 0.0114547 0.00946952 0.00660656 0.00330381 0 
0 0.00899507 0.0158932 0.020132 0.0215236 0.0202347 0.016727 0.0116694 0.00583545 0 
0 0.011395 0.020132 0.0254993 0.0272599 0.0256258 0.0211823 0.0147769 0.00738921 0 
0 0.0121835 0.0215236 0.0272599 0.02914 0.0273915 0.0226406 0.0157936 0.00789735 0 
0 0.0114547 0.0202347 0.0256258 0.0273915 0.0257464 0.0212798 0.0148438 0.00742222 0 
0 0.00946952 0.016727 0.0211823 0.0226406 0.0212798 0.0175875 0.0122678 0.00613404 0 
0 0.00660656 0.0116694 0.0147769 0.0157936 0.0148438 0.0122678 0.00855698 0.00427852 0 
0 0.00330381 0.00583545 0.00738921 0.00789735 0.00742222 0.00613404 0.00427852 0.00213926 0 
0 0 0 0 0 0 0 0 0 0 
0 0 0 0 0 0 0 0 0 0 
0 0.00449753 0.00794643 0.0100655 0.010761 0.0101163 0.00836246 0.0058339 0.00291734 0 
0 0.00794643 0.0140392 0.0177819 0.0190094 0.0178696 0.0147709 0.0103043 0.00515271 0 
0 0.0100655 0.0177819 0.0225209 0.024074 0.0226293 0.0187045 0.0130479 0.00652449 0 
0 0.010761 0.0190094 0.024074 0.0257327 0.0241873 0.0199913 0.0139451 0.00697295 0 
0 0.0101163 0.0178696 0.0226293 0.0241873 0.0227335 0.018789 0.013106 0.00655326 0 
0 0.00836246 0.0147709 0.0187045 0.0199913 0.018789 0.0155284 0.0108314 0.00541579 0 
0 0.0058339 0.0103043 0.0130479 0.0139451 0.013106 0.0108314 0.00755494 0.0037775 0 
0 0.00291734 0.00515271 0.00652449 0.00697295 0.00655326 0.00541579 0.0037775 0.00188875 0 
0 0 0 0 0 0 0 0 0 0 
0 0 0 0 0 0 0 0 0 0 
0 0.00397321 0.00701948 0.00889059 0.00950407 0.00893403 0.00738472 0.00515159 0.00257608 0 
0 0.00701948 0.0124007 0.0157054 0.0167883 0.0157806 0.0130435 0.00909893 0.00454987 0 
0 0.00889059 0.0157054 0.0198897 0.02126 0.0199831 0.0165164 0.0115212 0.00576101 0 
0 0.00950407 0.0167883 0.02126 0.0227236 0.0213579 0.0176521 0.0123131 0.00615684 0 
0 0.00893403 0.0157806 0.0199831 0.0213579 0.0200735 0.01659 0.0115719 0.00578614 0 
0 0.00738472 0.0130435 0.0165164 0.0176521 0.01659 0.0137107 0.00956334 0.00478174 0 
0 0.00515159 0.00909893 0.0115212 0.0123131 0.0115719 0.00956334 0.00667042 0.00333523 0 
0 0.00257608 0.00454987 0.00576101 0.00615684 0.00578614 0.00478174 0.00333523 0.00166761 0 
0 0 0 0 0 0 0 0 0 0 
0 0 0 0 0 0 0 0 0 0 
0 0.00350974 0.00620026 0.00785243 0.00839368 0.00788976 0.00652122 0.00454906 0.00227473 0 
0 0.00620026 0.0109528 0.0138708 0.0148263 0.0139357 0.0115181 0.00803456 0.00401758 0 
0 0.00785243 0.0138708 0.0175654 0.0187746 0.0176462 0.0145844 0.0101733 0.00508692 0 
0 0.00839368 0.0148263 0.0187746 0.0200663 0.0188595 0.0155867 0.0108722 0.00543631 0 
0 0.00788976 0.0139357 0.0176462 0.0188595 0.0177247 0.0146485 0.0102175 0.0051089 0 
0 0.00652122 0.0115181 0.0145844 0.0155867 0.0146485 0.0121059 0.00844391 0.00422201 0 
0 0.00454906 0.00803456 0.0101733 0.0108722 0.0102175 0.00844391 0.00588957 0.0029448 0 
0 0.00227473 0.00401758 0.00508692 0.00543631 0.0051089 0.00422201 0.0029448 0.0014724 0 
0 0 0 0 0 0 0 0 0 0 
0 0 0 0 0 0 0 0 0 0 
0 0.00310013 0.00547635 0.00693521 0.00741282 0.00696743 0.00575864 0.00401698 0.00200864 0 
0 0.00547635 0.00967358 0.0122501 0.0130933 0.0123062 0.010171 0.00709469 0.00354756 0 
0 0.00693521 0.0122501 0.0155124 0.0165795 0.0155824 0.0128783 0.00898304 0.00449173 0 
0 0.00741282 0.0130933 0.0165795 0.0177195 0.0166534 0.0137631 0.0096 0.00480016 0 
0 0.00696743 0.0123062 0.0155824 0.0166534 0.0156509 0.0129344 0.0090218 0.00451099 0 
0 0.00575864 0.010171 0.0128783 0.0137631 0.0129344 0.0106891 0.00745563 0.00372785 0 
0 0.00401698 0.00709469 0.00898304 0.0096 0.0090218 0.00745563 0.00520021 0.00260012 0 
0 0.00200864 0.00354756 0.00449173 0.00480016 0.00451099 0.00372785 0.00260012 0.00130006 0 
0 0 0 0 0 0 0 0 0 0 
0 0 0 0 0 0 0 0 0 0 
0 0.00273817 0.00483674 0.00612492 0.00654641 0.00615282 0.00508519 0.00354713 0.00177367 0 
0 0.00483674 0.00854343 0.0108185 0.0115627 0.0108672 0.00898136 0.00626477 0.00313254 0 
0 0.00612492 0.0108185 0.013699 0.0146409 0.01376 0.0113719 0.00793209 0.0039662 0 
0 0.00654641 0.0115627 0.0146409 0.0156471 0.0147053 0.0121529 0.00847673 0.00423848 0 
0 0.00615282 0.0108672 0.01376 0.0147053 0.0138198 0.0114209 0.00796607 0.0039831 0 
0 0.00508519 0.00898136 0.0113719 0.0121529 0.0114209 0.00943827 0.0065831 0.00329158 0 
0 0.00354713 0.00626477 0.00793209 0.00847673 0.00796607 0.0065831 0.00459161 0.00229581 0 
0 0.00177367 0.00313254 0.0039662 0.00423848 0.0039831 0.00329158 0.00229581 0.00114791 0 
0 0 0 0 0 0 0 0 0 0 
0 0 0 0 0 0 0 0 0 0 
0 0.00241837 0.00427168 0.00540915 0.00578116 0.00543339 0.00449047 0.00313223 0.00156619 0 
0 0.00427168 0.00754509 0.00955398 0.0102108 0.00959638 0.00793087 0.00553193 0.00276608 0 
0 0.00540915 0.00955398 0.0120974 0.0129288 0.0121506 0.0100416 0.00700412 0.00350217 0 
0 0.00578116 0.0102108 0.0129288 0.0138171 0.0129851 0.0107311 0.00748494 0.00374255 0 
0 0.00543339 0.00959638 0.0121506 0.0129851 0.012203 0.0100846 0.00703394 0.00351702 0 
0 0.00449047 0.00793087 0.0100416 0.0107311 0.0100846 0.00833385 0.00581274 0.00290639 0 
0 0.00313223 0.00553193 0.00700412 0.00748494 0.00703394 0.00581274 0.00405428 0.00202714 0 
0 0.00156619 0.00276608 0.00350217 0.00374255 0.00351702 0.00290639 0.00202714 0.00101357 0 
0 0 0 0 0 0 0 0 0 0 
0 0 0 0 0 0 0 0 0 0 
0 0.00213584 0.00377252 0.00477692 0.00510528 0.00479803 0.00396528 0.00276585 0.00138298 0 
0 0.00377252 0.00666325 0.0084371 0.0090169 0.0084741 0.00700323 0.00488482 0.00244249 0 
0 0.00477692 0.0084371 0.010683 0.0114169 0.0107294 0.00886696 0.00618472 0.00309244 0 
0 0.00510528 0.0090169 0.0114169 0.012201 0.0114661 0.00947566 0.00660922 0.00330467 0 
0 0.00479803 0.0084741 0.0107294 0.0114661 0.0107754 0.0089047 0.00621092 0.0031055 0 
0 0.00396528 0.00700323 0.00886696 0.00947566 0.0089047 0.00735872 0.00513258 0.0025663 0 
0 0.00276585 0.00488482 0.00618472 0.00660922 0.00621092 0.00513258 0.00357986 0.00178993 0 
0 0.00138298 0.00244249 0.00309244 0.00330467 0.0031055 0.0025663 0.00178993 0.000894967 0 
0 0 0 0 0 0 0 0 0 0 
0 0 0 0 0 0 0 0 0 0 
0 0.00188626 0.00333161 0.0042185 0.00450836 0.00423693 0.0035015 0.00244233 0.00122121 0 
0 0.00333161 0.00588436 0.00745068 0.0079625 0.00748302 0.00618408 0.00431341 0.00215676 0 
0 0.0042185 0.00745068 0.00943378 0.0100817 0.00947444 0.00782973 0.0054612 0.00273066 0 
0 0.00450836 0.0079625 0.0100817 0.0107739 0.0101248 0.00836712 0.00583598 0.00291803 0 
0 0.00423693 0.00748302 0.00947444 0.0101248 0.00951477 0.00786288 0.00548423 0.00274214 0 
0 0.0035015 0.00618408 0.00782973 0.00836712 0.00786288 0.00649773 0.00453203 0.00226603 0 
0 0.00244233 0.00431341 0.0054612 0.00583598 0.00548423 0.00453203 0.00316098 0.00158049 0 
0 0.00122121 0.00215676 0.00273066 0.00291803 0.00274214 0.00226603 0.00158049 0.000790247 0 
0 0 0 0 0 0 0 0 0 0 
0 0 0 0 0 0 0 0 0 0 
0 0.0016658 0.00294216 0.0037253 0.00398118 0.00374143 0.00309196 0.00215664 0.00107835 0 
0 0.00294216 0.00519642 0.0065795 0.00703134 0.00660782 0.00546073 0.00380883 0.00190446 0 
0 0.0037253 0.0065795 0.00833059 0.00890257 0.00836624 0.00691382 0.00482232 0.0024112 0 
0 0.00398118 0.00703134 0.00890257 0.0095137 0.00894046 0.00738829 0.00515322 0.00257664 0 
0 0.00374143 0.00660782 0.00836624 0.00894046 0.00840167 0.00694298 0.00484259 0.00242132 0 
0 0.00309196 0.00546073 0.00691382 0.00738829 0.00694298 0.00573751 0.00400178 0.0020009 0 
0 0.00215664 0.00380883 0.00482232 0.00515322 0.00484259 0.00400178 0.00279114 0.00139557 0 
0 0.00107835 0.00190446 0.0024112 0.00257664 0.00242132 0.0020009 0.00139557 0.000697785 0 
0 0 0 0 0 0 0 0 0 0 
0 0 0 0 0 0 0 0 0 0 
0 0.00147108 0.0025982 0.00328972 0.00351562 0.00330385 0.00273031 0.00190437 0.000952208 0 
0 0.0025982 0.00458885 0.00581013 0.00620904 0.00583496 0.00482198 0.00336328 0.00168167 0 
0 0.00328972 0.00581013 0.00735635 0.00786133 0.00738764 0.00610506 0.00425819 0.00212913 0 
0 0.00351562 0.00620904 0.00786133 0.0084009 0.00789462 0.00652397 0.00455035 0.0022752 0 
0 0.00330385 0.00583496 0.00738764 0.00789462 0.0074188 0.00613072 0.00427604 0.00213803 0 
0 0.00273031 0.00482198 0.00610506 0.00652397 0.00613072 0.00506625 0.00353358 0.0017668 0 
0 0.00190437 0.00336328 0.00425819 0.00455035 0.00427604 0.00353358 0.00246458 0.00123229 0 
0 0.000952208 0.00168167 0.00212913 0.0022752 0.00213803 0.0017668 0.00123229 0.000616145 0 
0 0 0 0 0 0 0 0 0 0 
0 0 0 0 0 0 0 0 0 0 
0 0.0012991 0.00229442 0.00290504 0.00310448 0.00291744 0.00241095 0.00168161 0.000840821 0 
0 0.00229442 0.00405227 0.00513067 0.00548286 0.00515248 0.00425794 0.00296985 0.00148495 0 
0 0.00290504 0.00513067 0.006496 0.00694185 0.0065235 0.0053909 0.00376006 0.00188005 0 
0 0.00310448 0.00548286 0.00694185 0.00741824 0.00697113 0.00576077 0.00401802 0.00200903 0 
0 0.00291744 0.00515248 0.0065235 0.00697113 0.00655092 0.0054135 0.00377578 0.0018879 0 
0 0.00241095 0.00425794 0.0053909 0.00576077 0.0054135 0.00447354 0.00312017 0.00156009 0 
0 0.00168161 0.00296985 0.00376006 0.00401802 0.00377578 0.00312017 0.00217623 0.00108812 0 
0 0.000840821 0.00148495 0.00188005 0.00200903 0.0018879 0.00156009 0.00108812 0.000544058 0 
0 0 0 0 0 0 0 0 0 0 
0 0 0 0 0 0 0 0 0 0 
0 0.00114721 0.00202613 0.00256532 0.00274141 0.00257621 0.00212894 0.0014849 0.000742464 0 
0 0.00202613 0.0035784 0.00453065 0.0048416 0.00454981 0.00375988 0.00262245 0.00131124 0 
0 0.00256532 0.00453065 0.00573625 0.0061299 0.00576043 0.00476029 0.0033202 0.00166012 0 
0 0.00274141 0.0048416 0.0061299 0.00655051 0.00615566 0.00508687 0.00354797 0.001774 0 
0 0.00257621 0.00454981 0.00576043 0.00615566 0.00578458 0.00478019 0.00333406 0.00166704 0 
0 0.00212894 0.00375988 0.00476029 0.00508687 0.00478019 0.00395018 0.00275514 0.00137757 0 
0 0.0014849 0.00262245 0.0033202 0.00354797 0.00333406 0.00275514 0.00192163 0.000960815 0 
0 0.000742464 0.00131124 0.00166012 0.001774 0.00166704 0.00137757 0.000960815 0.000480408 0 
0 0 0 0 0 0 0 0 0 0 
0 0 0 0 0 0 0 0 0 0 
0 0.00101307 0.0017892 0.00226531 0.00242078 0.00227488 0.00187992 0.00131121 0.000655612 0 
0 0.0017892 0.00315992 0.00400077 0.00427531 0.00401763 0.00332007 0.00231568 0.00115785 0 
0 0.00226531 0.00400077 0.00506533 0.0054129 0.00508662 0.00420344 0.0029318 0.00146591 0 
0 0.00242078 0.00427531 0.0054129 0.00578428 0.00543559 0.0044918 0.00313291 0.00156647 0 
0 0.00227488 0.00401763 0.00508662 0.00543559 0.00510789 0.00422098 0.00294402 0.00147201 0 
0 0.00187992 0.00332007 0.00420344 0.0044918 0.00422098 0.00348806 0.00243282 0.00121641 0 
0 0.00131121 0.00231568 0.0029318 0.00313291 0.00294402 0.00243282 0.00169682 0.000848409 0 
0 0.000655612 0.00115785 0.00146591 0.00156647 0.00147201 0.00121641 0.000848409 0.000424205 0 
0 0 0 0 0 0 0 0 0 0 
0 0 0 0 0 0 0 0 0 0 
0 0.000894599 0.00157996 0.00200038 0.00213764 0.0020088 0.00166002 0.00115783 0.00057892 0 
0 0.00157996 0.00279036 0.00353285 0.00377525 0.00354768 0.00293171 0.0020448 0.00102241 0 
0 0.00200038 0.00353285 0.00447287 0.00477976 0.00449162 0.00371173 0.00258884 0.00129443 0 
0 0.00213764 0.00377525 0.00477976 0.00510767 0.00479974 0.00396634 0.00276642 0.00138321 0 
0 0.0020088 0.00354768 0.00449162 0.00479974 0.00451036 0.0037272 0.00259961 0.00129981 0 
0 0.00166002 0.00293171 0.00371173 0.00396634 0.0037272 0.00308001 0.00214821 0.00107411 0 
0 0.00115783 0.0020448 0.00258884 0.00276642 0.00259961 0.00214821 0.00149831 0.000749156 0 
0 0.00057892 0.00102241 0.00129443 0.00138321 0.00129981 0.00107411 0.000749156 0.000374578 0 
0 0 0 0 0 0 0 0 0 0 
0 0 0 0 0 0 0 0 0 0 
0 0.000789979 0.00139518 0.00176642 0.00188762 0.00177383 0.00146584 0.00102239 0.000511199 0 
0 0.00139518 0.00246401 0.00311964 0.00333367 0.00313271 0.00258877 0.0018056 0.000902807 0 
0 0.00176642 0.00311964 0.0039497 0.00422067 0.00396621 0.00327754 0.002286 0.001143 0 
0 0.00188762 0.00333367 0.00422067 0.0045102 0.00423828 0.00350236 0.00244279 0.0012214 0 
0 0.00177383 0.00313271 0.00396621 0.00423828 0.00398274 0.00329118 0.0022955 0.00114775 0 
0 0.00146584 0.00258877 0.00327754 0.00350236 0.00329118 0.0027197 0.0018969 0.000948453 0 
0 0.00102239 0.0018056 0.002286 0.00244279 0.0022955 0.0018969 0.00132303 0.000661515 0 
0 0.000511199 0.000902807 0.001143 0.0012214 0.00114775 0.000948453 0.000661515 0.000330758 0 
0 0 0 0 0 0 0 0 0 0 
0 0 0 0 0 0 0 0 0 0 
0 0.00069759 0.00123201 0.00155982 0.00166683 0.00156634 0.00129438 0.000902794 0.0004514 0 
0 0.00123201 0.00217582 0.00275475 0.00294374 0.00276627 0.00228595 0.00159439 0.000797197 0 
0 0.00155982 0.00275475 0.00348771 0.00372697 0.00350226 0.00289414 0.00201858 0.0010093 0 
0 0.00166683 0.00294374 0.00372697 0.00398262 0.0037425 0.00309265 0.00215703 0.00107852 0 
0 0.00156634 0.00276627 0.00350226 0.0037425 0.00351684 0.00290617 0.00202696 0.00101348 0 
0 0.00129438 0.00228595 0.00289414 0.00309265 0.00290617 0.00240154 0.001675 0.000837499 0 
0 0.000902794 0.00159439 0.00201858 0.00215703 0.00202696 0.001675 0.00116826 0.000584128 0 
0 0.0004514 0.000797197 0.0010093 0.00107852 0.00101348 0.000837499 0.000584128 0.000292064 0 
0 0 0 0 0 0 0 0 0 0 
0 0 0 0 0 0 0 0 0 0 
0 0.000616003 0.00108791 0.00137737 0.00147186 0.00138313 0.00114297 0.000797188 0.000398596 0 
0 0.00108791 0.00192133 0.00243254 0.00259941 0.00244269 0.00201854 0.00140788 0.000703942 0 
0 0.00137737 0.00243254 0.00307975 0.00329101 0.00309258 0.00255559 0.00178245 0.000891228 0 
0 0.00147186 0.00259941 0.00329101 0.00351675 0.00330471 0.00273088 0.0019047 0.000952354 0 
0 0.00138313 0.00244269 0.00309258 0.00330471 0.00310544 0.0025662 0.00178985 0.000894925 0 
0 0.00114297 0.00201854 0.00255559 0.00273088 0.0025662 0.0021206 0.00147905 0.000739526 0 
0 0.000797188 0.00140788 0.00178245 0.0019047 0.00178985 0.00147905 0.00103159 0.000515795 0 
0 0.000398596 0.000703942 0.000891228 0.000952354 0.000894925 0.000739526 0.000515795 0.000257897 0 
0 0 0 0 0 0 0 0 0 0 
0 0 0 0 0 0 0 0 0 0 
0 0.000543955 0.000960665 0.00121627 0.0012997 0.00122134 0.00100927 0.000703935 0.000351969 0 
0 0.000960665 0.0016966 0.00214801 0.00229535 0.00215695 0.00178242 0.00124319 0.000621596 0 
0 0.00121627 0.00214801 0.00271951 0.00290605 0.00273083 0.00225664 0.00157394 0.000786973 0 
0 0.0012997 0.00229535 0.00290605 0.00310538 0.00291813 0.00241142 0.00168189 0.000840947 0 
0 0.00122134 0.00215695 0.00273083 0.00291813 0.00274217 0.00226601 0.00158047 0.000790235 0 
0 0.00100927 0.00178242 0.00225664 0.00241142 0.00226601 0.00187253 0.00130603 0.000653015 0 
0 0.000703935 0.00124319 0.00157394 0.00168189 0.00158047 0.00130603 0.000910911 0.000455456 0 
0 0.000351969 0.000621596 0.000786973 0.000840947 0.000790235 0.000653015 0.000455456 0.000227728 0 
0 0 0 0 0 0 0 0 0 0 
0 0 0 0 0 0 0 0 0 0 
0 0.000480332 0.0008483 0.001074 0.00114767 0.00107847 0.000891208 0.000621591 0.000310797 0 
0 0.0008483 0.00149815 0.00189675 0.00202686 0.00190464 0.00157392 0.00109776 0.000548883 0 
0 0.001074 0.00189675 0.0024014 0.00256612 0.00241138 0.00199267 0.00138982 0.000694913 0 
0 0.00114767 0.00202686 0.00256612 0.00274212 0.00257677 0.00212933 0.00148514 0.000742573 0 
0 0.00107847 0.00190464 0.00241138 0.00257677 0.00242139 0.00200093 0.00139558 0.000697793 0 
0 0.000891208 0.00157392 0.00199267 0.00212933 0.00200093 0.00165348 0.00115325 0.000576624 0 
0 0.000621591 0.00109776 0.00138982 0.00148514 0.00139558 0.00115325 0.000804352 0.000402176 0 
0 0.000310797 0.000548883 0.000694913 0.000742573 0.000697793 0.000576624 0.000402176 0.000201088 0 
0 0 0 0 0 0 0 0 0 0 
0 0 0 0 0 0 0 0 0 0 
0 0.00042415 0.000749076 0.000948376 0.00101343 0.00095232 0.000786958 0.000548879 0.000274441 0 
0 0.000749076 0.00132292 0.00167489 0.00178977 0.00168185 0.00138981 0.000969348 0.000484675 0 
0 0.000948376 0.00167489 0.0021205 0.00226594 0.00212931 0.00175957 0.00122724 0.000613623 0 
0 0.00101343 0.00178977 0.00226594 0.00242136 0.00227535 0.00188025 0.00131141 0.000655707 0 
0 0.00095232 0.00168185 0.00212931 0.00227535 0.00213814 0.00176686 0.00123233 0.000616165 0 
0 0.000786958 0.00138981 0.00175957 0.00188025 0.00176686 0.00146005 0.00101834 0.00050917 0 
0 0.000548879 0.000969348 0.00122724 0.00131141 0.00123233 0.00101834 0.000710258 0.000355129 0 
0 0.000274441 0.000484675 0.000613623 0.000655707 0.000616165 0.00050917 0.000355129 0.000177564 0 
0 0 0 0 0 0 0 0 0 0 
0 0 0 0 0 0 0 0 0 0 
0 0.000374538 0.000661457 0.000837443 0.000894883 0.000840922 0.000694902 0.000484673 0.000242337 0 
0 0.000661457 0.00116817 0.00147897 0.00158041 0.00148511 0.00122723 0.000855956 0.000427979 0 
0 0.000837443 0.00147897 0.00187246 0.00200088 0.00188023 0.00155374 0.00108368 0.000541842 0 
0 0.000894883 0.00158041 0.00200088 0.00213812 0.00200918 0.0016603 0.001158 0.000579003 0 
0 0.000840922 0.00148511 0.00188023 0.00200918 0.00188802 0.00156018 0.00108817 0.000544086 0 
0 0.000694902 0.00122723 0.00155374 0.0016603 0.00156018 0.00128926 0.000899214 0.000449607 0 
0 0.000484673 0.000855956 0.00108368 0.001158 0.00108817 0.000899214 0.000627172 0.000313586 0 
0 0.000242337 0.000427979 0.000541842 0.000579003 0.000544086 0.000449607 0.000313586 0.000156793 0 
0 0 0 0 0 0 0 0 0 0 
0 0 0 0 0 0 0 0 0 0 
0 0.000330729 0.000584086 0.000739485 0.000790205 0.000742555 0.000613615 0.000427977 0.000213989 0 
0 0.000584086 0.00103153 0.00130597 0.00139554 0.00131139 0.00108367 0.000755828 0.000377915 0 
0 0.000739485 0.00130597 0.00165343 0.00176683 0.00166028 0.00137199 0.000956915 0.000478458 0 
0 0.000790205 0.00139554 0.00176683 0.00188801 0.00177415 0.00146608 0.00102254 0.000511272 0 
0 0.000742555 0.00131139 0.00166028 0.00177415 0.00166716 0.00137767 0.000960878 0.000480439 0 
0 0.000613615 0.00108367 0.00137199 0.00146608 0.00137767 0.00113844 0.000794025 0.000397012 0 
0 0.000427977 0.000755828 0.000956915 0.00102254 0.000960878 0.000794025 0.000553805 0.000276903 0 
0 0.000213989 0.000377915 0.000478458 0.000511272 0.000480439 0.000397012 0.000276903 0.000138451 0 
0 0 0 0 0 0 0 0 0 0 
0 0 0 0 0 0 0 0 0 0 
0 0.000292043 0.000515764 0.000652985 0.000697771 0.000655694 0.000541836 0.000377913 0.000188957 0 
0 0.000515764 0.000910867 0.00115321 0.0012323 0.00115799 0.000956909 0.000667413 0.000333707 0 
0 0.000652985 0.00115321 0.00146002 0.00156015 0.00146607 0.00121149 0.000844977 0.000422489 0 
0 0.000697771 0.0012323 0.00156015 0.00166715 0.00156662 0.00129458 0.000902927 0.000451464 0 
0 0.000655694 0.00115799 0.00146607 0.00156662 0.00147214 0.00121651 0.000848475 0.000424238 0 
0 0.000541836 0.000956909 0.00121149 0.00129458 0.00121651 0.00100527 0.00070114 0.00035057 0 
0 0.000377913 0.000667413 0.000844977 0.000902927 0.000848475 0.00070114 0.000489021 0.000244511 0 
0 0.000188957 0.000333707 0.000422489 0.000451464 0.000424238 0.00035057 0.000244511 0.000122255 0 
0 0 0 0 0 0 0 0 0 0 
0 0 0 0 0 0 0 0 0 0 
0 0.000257882 0.000455434 0.000576602 0.000616149 0.000578993 0.000478454 0.000333706 0.000166853 0 
0 0.000455434 0.00080432 0.00101831 0.00108815 0.00102253 0.000844973 0.000589341 0.000294671 0 
0 0.000576602 0.00101831 0.00128923 0.00137765 0.00129457 0.00106978 0.000746133 0.000373067 0 
0 0.000616149 0.00108815 0.00137765 0.00147213 0.00138336 0.00114314 0.000797304 0.000398652 0 
0 0.000578993 0.00102253 0.00129457 0.00138336 0.00129993 0.0010742 0.000749222 0.000374611 0 
0 0.000478454 0.000844973 0.00106978 0.00114314 0.0010742 0.000887672 0.000619121 0.000309561 0 
0 0.000333706 0.000589341 0.000746133 0.000797304 0.000749222 0.000619121 0.000431816 0.000215908 0 
0 0.000166853 0.000294671 0.000373067 0.000398652 0.000374611 0.000309561 0.000215908 0.000107954 0 
0 0 0 0 0 0 0 0 0 0 
0 0 0 0 0 0 0 0 0 0 
0 0.000227717 0.00040216 0.000509154 0.000544074 0.000511265 0.000422486 0.00029467 0.000147335 0 
0 0.00040216 0.000710235 0.000899192 0.000960862 0.000902918 0.00074613 0.000520401 0.000260201 0 
0 0.000509154 0.000899192 0.00113842 0.0012165 0.00114314 0.000944636 0.000658852 0.000329426 0 
0 0.000544074 0.000960862 0.0012165 0.00129993 0.00122154 0.00100942 0.000704036 0.000352018 0 
