0 0 0 0 0 0 0 0 0 0 
0 0.116978 0.219846 0.296198 0.336824 0.336824 0.296198 0.219846 0.116978 0 
0 0.219846 0.413176 0.55667 0.633022 0.633022 0.55667 0.413176 0.219846 0 
0 0.296198 0.55667 0.75 0.852869 0.852869 0.75 0.55667 0.296198 0 
0 0.336824 0.633022 0.852869 0.969846 0.969846 0.852869 0.633022 0.336824 0 
0 0.336824 0.633022 0.852869 0.969846 0.969846 0.852869 0.633022 0.336824 0 
0 0.296198 0.55667 0.75 0.852869 0.852869 0.75 0.55667 0.296198 0 
0 0.219846 0.413176 0.55667 0.633022 0.633022 0.55667 0.413176 0.219846 0 
0 0.116978 0.219846 0.296198 0.336824 0.336824 0.296198 0.219846 0.116978 0 
0 0 0 0 0 0 0 0 0 0 
0 0 0 0 0 0 0 0 0 0 
0 0.109923 0.204824 0.27458 0.311107 0.310082 0.27165 0.200451 0.105074 0 
0 0.204824 0.380747 0.509587 0.576646 0.574067 0.502223 0.369798 0.192768 0 
0 0.27458 0.509587 0.681228 0.770147 0.766015 0.669444 0.492116 0.255427 0 
0 0.311107 0.576646 0.770147 0.869997 0.864682 0.755004 0.554242 0.286623 0 
0 0.310082 0.574067 0.766015 0.864682 0.858775 0.7492 0.549234 0.283014 0 
0 0.27165 0.502223 0.669444 0.755004 0.7492 0.652935 0.477886 0.245187 0 
0 0.200451 0.369798 0.492116 0.554242 0.549234 0.477886 0.348866 0.177758 0 
0 0.105074 0.192768 0.255427 0.286623 0.283014 0.245187 0.177758 0.0888788 0 
0 0 0 0 0 0 0 0 0 0 
0 0 0 0 0 0 0 0 0 0 
0 5.91082e-23 1.04388e-22 1.32159e-22 1.41223e-22 1.32706e-22 1.09662e-22 7.64853e-23 3.82427e-23 0 
0 1.04388e-22 1.84353e-22 2.33399e-22 2.49406e-22 2.34365e-22 1.93668e-22 1.35076e-22 6.75382e-23 0 
0 1.32159e-22 2.33399e-22 2.95494e-22 3.15759e-22 2.96716e-22 2.45192e-22 1.71013e-22 8.55064e-23 0 
0 1.41223e-22 2.49406e-22 3.15759e-22 3.37413e-22 3.17065e-22 2.62007e-22 1.82741e-22 9.13704e-23 0 
0 1.32706e-22 2.34365e-22 2.96716e-22 3.17065e-22 2.97943e-22 2.46206e-22 1.7172e-22 8.58601e-23 0 
0 1.09662e-22 1.93668e-22 2.45192e-22 2.62007e-22 2.46206e-22 2.03453e-22 1.41901e-22 7.09506e-23 0 
0 7.64853e-23 1.35076e-22 1.71013e-22 1.82741e-22 1.7172e-22 1.41901e-22 9.89712e-23 4.94856e-23 0 
0 3.82427e-23 6.75382e-23 8.55064e-23 9.13704e-23 8.58601e-23 7.09506e-23 4.94856e-23 2.47428e-23 0 
0 0 0 0 0 0 0 0 0 0 
